#include <PCM.h>
#include <Adafruit_NeoPixel.h>
//
//
//#ifdef __AVR__
//#include <avr/power.h> // Required for 16 MHz Adafruit Trinket#endif
// Which pin on the Arduino is connected to the NeoPixels?
#define PIN        6// On Trinket or Gemma, suggest changing this to 1
// How many NeoPixels are attached to the Arduino?
#define NUMPIXELS 12 // Popular NeoPixel ring size

Adafruit_NeoPixel pixels(NUMPIXELS, PIN, NEO_GRB + NEO_KHZ800);

//RGB Color values for neopixels
int value1 = 0;
int value2 = 0;
int value3 = 0;

//binary code for audio file
const unsigned char sample[] PROGMEM = {
  129, 129, 128, 129, 130, 129, 129, 129, 129, 129, 129, 129, 129, 129, 128, 129, 129, 129, 129, 129, 130, 129, 130, 129, 130, 130, 130, 130, 131, 130, 131, 130, 130, 130, 130, 129, 131, 130, 130, 131, 130, 130, 130, 130, 131, 130, 130, 131, 130, 131, 130, 131, 131, 130, 131, 130, 131, 131, 131, 130, 131, 131, 131, 130, 131, 131, 131, 131, 131, 132, 131, 131, 132, 131, 130, 132, 132, 131, 131, 131, 131, 132, 131, 131, 132, 131, 131, 132, 132, 131, 132, 132, 132, 133, 131, 132, 133, 131, 132, 131, 132, 131, 133, 131, 132, 132, 131, 133, 131, 132, 132, 132, 132, 132, 132, 132, 132, 132, 132, 133, 132, 132, 132, 133, 133, 132, 133, 132, 132, 133, 133, 133, 133, 132, 133, 133, 133, 133, 133, 133, 133, 133, 132, 132, 132, 132, 132, 132, 133, 132, 132, 132, 132, 133, 132, 133, 133, 132, 133, 132, 133, 132, 132, 133, 131, 133, 132, 132, 132, 132, 132, 133, 132, 132, 133, 132, 132, 132, 132, 133, 132, 133, 132, 133, 132, 133, 133, 132, 133, 133, 133, 133, 132, 132, 132, 134, 133, 132, 133, 133, 134, 133, 132, 133, 133, 133, 133, 133, 133, 133, 132, 133, 133, 133, 133, 133, 133, 133, 133, 134, 133, 133, 133, 133, 133, 132, 133, 133, 133, 133, 133, 135, 133, 133, 134, 134, 135, 133, 134, 135, 133, 134, 134, 135, 134, 134, 135, 134, 135, 134, 136, 134, 134, 135, 134, 134, 134, 134, 134, 135, 135, 135, 133, 135, 135, 135, 135, 135, 135, 135, 134, 135, 135, 134, 134, 135, 134, 135, 134, 135, 135, 134, 135, 136, 135, 136, 134, 136, 136, 135, 136, 136, 137, 136, 136, 137, 137, 137, 136, 138, 136, 137, 137, 138, 137, 137, 138, 137, 139, 138, 139, 139, 138, 141, 139, 139, 139, 139, 141, 139, 139, 141, 140, 141, 140, 142, 141, 141, 142, 141, 142, 141, 141, 143, 141, 142, 142, 142, 142, 143, 142, 143, 143, 143, 144, 143, 143, 144, 145, 143, 143, 143, 143, 144, 144, 144, 144, 145, 144, 145, 144, 145, 146, 145, 145, 147, 146, 145, 146, 145, 147, 146, 146, 147, 146, 147, 146, 147, 147, 147, 146, 146, 146, 147, 146, 145, 147, 146, 147, 146, 147, 147, 147, 146, 147, 147, 147, 147, 146, 147, 147, 148, 147, 147, 148, 147, 148, 148, 148, 147, 147, 148, 148, 148, 148, 148, 147, 149, 148, 148, 149, 148, 149, 149, 148, 150, 149, 148, 149, 149, 150, 150, 150, 149, 150, 151, 150, 150, 150, 150, 151, 151, 150, 150, 149, 151, 151, 151, 152, 151, 151, 151, 152, 152, 151, 152, 152, 152, 151, 152, 152, 152, 152, 152, 152, 151, 152, 151, 152, 152, 152, 152, 152, 153, 152, 152, 154, 154, 153, 155, 152, 153, 155, 153, 154, 154, 153, 155, 154, 154, 154, 154, 154, 154, 154, 155, 155, 153, 154, 155, 155, 154, 154, 154, 154, 155, 154, 154, 154, 154, 156, 154, 155, 156, 155, 155, 155, 155, 156, 156, 154, 156, 155, 156, 156, 154, 156, 156, 156, 156, 155, 155, 155, 156, 156, 156, 156, 155, 156, 156, 156, 156, 156, 157, 158, 157, 156, 158, 157, 157, 157, 156, 158, 157, 157, 158, 158, 159, 158, 159, 160, 160, 158, 159, 161, 160, 159, 158, 160, 159, 160, 159, 160, 160, 160, 160, 160, 159, 160, 160, 160, 160, 160, 160, 161, 161, 162, 162, 162, 162, 161, 162, 161, 161, 162, 161, 160, 161, 160, 161, 160, 160, 161, 161, 161, 160, 161, 160, 161, 162, 160, 161, 162, 161, 161, 160, 161, 161, 160, 161, 161, 161, 161, 161, 161, 162, 161, 159, 160, 160, 161, 161, 161, 160, 159, 160, 159, 160, 160, 160, 160, 160, 160, 159, 159, 159, 160, 159, 159, 158, 159, 159, 159, 159, 158, 158, 159, 158, 158, 158, 157, 157, 157, 156, 155, 156, 156, 155, 156, 156, 155, 156, 156, 155, 155, 156, 155, 155, 156, 155, 155, 155, 154, 156, 156, 155, 155, 155, 155, 156, 156, 155, 156, 156, 155, 156, 156, 155, 155, 155, 155, 156, 155, 154, 154, 154, 154, 154, 154, 152, 152, 154, 154, 152, 153, 152, 153, 153, 153, 152, 154, 155, 154, 154, 154, 154, 155, 154, 153, 154, 155, 154, 154, 154, 154, 154, 155, 155, 154, 154, 154, 154, 154, 154, 155, 154, 152, 153, 155, 155, 154, 154, 154, 155, 156, 155, 154, 154, 153, 152, 152, 152, 151, 152, 153, 152, 152, 152, 152, 151, 151, 151, 151, 151, 150, 151, 150, 150, 151, 151, 150, 149, 149, 149, 149, 149, 150, 150, 149, 148, 148, 149, 148, 148, 149, 150, 149, 149, 149, 148, 147, 148, 149, 148, 147, 147, 146, 145, 146, 146, 145, 146, 147, 147, 147, 146, 145, 145, 146, 145, 144, 145, 145, 145, 146, 146, 145, 145, 146, 145, 144, 145, 146, 145, 144, 145, 145, 145, 145, 144, 144, 144, 144, 144, 144, 145, 144, 144, 144, 143, 143, 144, 143, 143, 143, 143, 142, 142, 142, 142, 142, 143, 143, 143, 143, 143, 143, 142, 143, 143, 143, 142, 143, 142, 142, 142, 143, 142, 141, 141, 141, 141, 140, 141, 141, 140, 139, 139, 139, 139, 139, 138, 137, 138, 138, 137, 137, 138, 138, 137, 137, 137, 136, 137, 137, 137, 137, 136, 136, 137, 137, 136, 136, 137, 137, 136, 136, 136, 135, 135, 135, 136, 137, 137, 136, 135, 136, 136, 136, 135, 136, 135, 135, 134, 135, 134, 134, 135, 135, 134, 133, 134, 134, 133, 133, 133, 133, 133, 133, 132, 132, 133, 133, 132, 131, 131, 131, 131, 131, 131, 131, 130, 130, 130, 131, 130, 129, 129, 130, 130, 129, 129, 128, 128, 128, 129, 128, 128, 128, 128, 128, 129, 129, 127, 128, 129, 129, 129, 129, 128, 128, 128, 129, 129, 129, 128, 128, 128, 128, 128, 128, 129, 130, 130, 129, 129, 129, 129, 128, 128, 128, 130, 129, 128, 129, 130, 129, 128, 128, 128, 129, 129, 128, 126, 128, 128, 128, 128, 128, 128, 127, 126, 125, 126, 126, 126, 127, 127, 126, 128, 129, 129, 128, 127, 128, 127, 127, 126, 126, 126, 127, 128, 127, 126, 126, 128, 127, 126, 126, 127, 126, 126, 125, 126, 126, 125, 125, 126, 125, 125, 126, 125, 125, 127, 128, 126, 125, 126, 126, 126, 126, 124, 124, 125, 125, 125, 125, 125, 124, 124, 126, 126, 126, 126, 126, 126, 125, 124, 124, 124, 124, 124, 124, 125, 125, 124, 124, 125, 125, 125, 124, 124, 126, 127, 125, 123, 124, 124, 123, 124, 123, 122, 122, 123, 123, 123, 122, 122, 123, 123, 122, 122, 122, 122, 122, 122, 121, 122, 122, 122, 121, 121, 122, 121, 120, 120, 122, 122, 122, 123, 123, 122, 122, 121, 120, 120, 120, 120, 119, 120, 121, 121, 121, 120, 120, 120, 120, 119, 119, 118, 119, 119, 119, 118, 118, 118, 118, 119, 119, 118, 118, 118, 118, 117, 116, 116, 116, 115, 115, 116, 115, 116, 116, 115, 115, 115, 114, 113, 113, 113, 112, 112, 112, 111, 111, 112, 112, 111, 110, 109, 110, 110, 109, 108, 108, 108, 108, 108, 108, 107, 106, 107, 107, 106, 106, 106, 105, 104, 104, 104, 104, 104, 103, 103, 103, 103, 101, 99, 100, 101, 100, 99, 99, 99, 98, 98, 99, 99, 99, 98, 97, 97, 97, 97, 95, 94, 94, 95, 95, 94, 93, 93, 92, 92, 92, 91, 91, 91, 91, 90, 89, 89, 89, 89, 88, 88, 87, 86, 86, 86, 85, 84, 83, 83, 84, 83, 83, 81, 80, 80, 80, 80, 79, 79, 79, 78, 78, 77, 76, 76, 75, 74, 74, 73, 73, 72, 72, 71, 70, 70, 71, 71, 70, 69, 68, 68, 69, 68, 67, 66, 66, 66, 66, 65, 65, 65, 65, 64, 64, 62, 62, 63, 62, 61, 60, 60, 61, 60, 59, 59, 59, 59, 58, 58, 58, 59, 58, 57, 58, 59, 59, 58, 57, 57, 57, 57, 56, 56, 56, 57, 58, 57, 56, 55, 56, 56, 55, 54, 54, 52, 50, 50, 52, 53, 52, 52, 52, 53, 53, 52, 50, 49, 51, 52, 51, 50, 49, 49, 49, 49, 49, 49, 49, 49, 48, 47, 47, 47, 47, 47, 48, 48, 47, 46, 46, 45, 45, 45, 45, 44, 44, 43, 44, 44, 44, 43, 43, 43, 43, 43, 43, 43, 42, 42, 42, 43, 42, 42, 42, 43, 43, 43, 44, 45, 44, 44, 45, 46, 44, 43, 44, 46, 45, 44, 43, 43, 44, 45, 44, 42, 42, 43, 42, 42, 41, 41, 40, 40, 40, 39, 39, 40, 39, 37, 36, 36, 35, 33, 34, 35, 36, 36, 35, 35, 35, 36, 36, 35, 34, 34, 34, 34, 33, 33, 32, 32, 32, 33, 33, 33, 33, 33, 32, 31, 31, 31, 31, 33, 33, 32, 31, 32, 33, 33, 33, 34, 34, 34, 33, 33, 33, 33, 33, 33, 33, 32, 32, 32, 31, 30, 30, 31, 31, 31, 31, 31, 31, 31, 30, 29, 30, 29, 29, 30, 31, 31, 29, 30, 31, 30, 28, 27, 29, 30, 30, 29, 28, 28, 28, 28, 28, 27, 27, 27, 26, 26, 26, 27, 28, 29, 29, 28, 28, 27, 27, 27, 28, 28, 27, 26, 27, 28, 28, 27, 27, 28, 28, 28, 27, 26, 26, 27, 27, 27, 27, 27, 26, 25, 25, 26, 26, 25, 25, 26, 27, 27, 26, 26, 26, 27, 26, 26, 26, 27, 26, 26, 27, 28, 27, 26, 26, 27, 27, 28, 30, 30, 29, 29, 29, 28, 28, 29, 30, 30, 30, 30, 31, 32, 32, 32, 33, 34, 34, 33, 33, 33, 33, 32, 33, 34, 36, 35, 35, 35, 36, 37, 37, 37, 39, 39, 39, 40, 41, 41, 41, 41, 39, 39, 39, 39, 39, 39, 39, 39, 40, 40, 40, 42, 43, 42, 41, 42, 42, 42, 41, 41, 41, 42, 43, 43, 43, 44, 44, 44, 44, 44, 43, 42, 43, 43, 43, 43, 42, 41, 42, 45, 46, 47, 46, 46, 47, 48, 49, 49, 49, 49, 48, 49, 50, 52, 51, 50, 52, 52, 51, 52, 53, 54, 55, 56, 55, 55, 56, 57, 56, 57, 57, 57, 59, 60, 58, 58, 59, 59, 59, 59, 58, 58, 58, 58, 59, 60, 60, 60, 60, 60, 61, 62, 63, 64, 64, 62, 62, 62, 62, 62, 64, 64, 64, 64, 64, 62, 63, 64, 62, 61, 61, 61, 60, 61, 60, 59, 60, 61, 61, 62, 62, 61, 61, 63, 62, 60, 62, 64, 63, 63, 64, 62, 62, 64, 65, 65, 65, 65, 63, 61, 61, 61, 61, 62, 62, 63, 65, 64, 62, 63, 65, 64, 61, 61, 62, 61, 61, 62, 62, 60, 62, 65, 64, 62, 61, 61, 62, 65, 64, 61, 62, 63, 61, 61, 61, 61, 61, 62, 61, 60, 61, 61, 61, 62, 63, 63, 63, 62, 60, 58, 58, 58, 58, 58, 58, 58, 60, 61, 59, 58, 58, 57, 56, 56, 55, 53, 53, 54, 54, 56, 59, 61, 62, 64, 61, 57, 56, 56, 50, 46, 49, 53, 52, 54, 59, 62, 62, 60, 60, 59, 57, 53, 52, 50, 48, 45, 42, 41, 46, 49, 50, 55, 61, 60, 55, 51, 44, 37, 35, 34, 37, 46, 51, 48, 50, 55, 47, 39, 35, 30, 25, 27, 29, 33, 43, 47, 43, 42, 43, 34, 28, 26, 23, 23, 26, 24, 21, 22, 22, 23, 28, 38, 41, 42, 40, 38, 36, 30, 21, 18, 17, 15, 17, 24, 30, 30, 35, 36, 33, 34, 34, 32, 29, 28, 28, 22, 23, 23, 24, 26, 26, 27, 29, 28, 31, 31, 30, 29, 20, 20, 14, 19, 20, 26, 31, 36, 36, 36, 30, 21, 16, 8, 17, 14, 22, 22, 29, 29, 27, 30, 23, 14, 7, 6, 0, 7, 17, 36, 41, 48, 49, 35, 28, 8, 0, 0, 0, 0, 10, 24, 35, 36, 36, 33, 22, 20, 1, 0, 0, 0, 0, 4, 22, 31, 33, 27, 23, 17, 6, 0, 0, 0, 0, 2, 5, 17, 14, 18, 16, 10, 8, 0, 0, 0, 0, 0, 8, 6, 7, 7, 10, 1, 0, 4, 0, 0, 0, 0, 0, 0, 1, 3, 8, 4, 0, 0, 0, 0, 2, 0, 0, 0, 0, 0, 0, 13, 26, 28, 26, 2, 0, 0, 0, 0, 0, 6, 86, 142, 186, 163, 96, 0, 0, 0, 0, 0, 0, 0, 144, 255, 255, 255, 255, 196, 0, 0, 0, 0, 0, 0, 0, 255, 255, 255, 255, 255, 255, 0, 0, 0, 0, 0, 0, 0, 255, 255, 255, 255, 255, 255, 0, 0, 0, 0, 0, 0, 0, 255, 255, 255, 255, 255, 255, 217, 0, 0, 0, 0, 0, 0, 38, 255, 255, 255, 255, 255, 255, 0, 0, 0, 0, 0, 0, 0, 255, 255, 255, 255, 255, 255, 255, 0, 0, 0, 0, 0, 0, 243, 255, 255, 255, 255, 255, 255, 0, 0, 0, 0, 0, 0, 0, 255, 255, 255, 255, 255, 255, 0, 0, 0, 0, 0, 0, 0, 255, 255, 255, 255, 255, 255, 255, 0, 0, 0, 0, 0, 0, 50, 255, 255, 255, 255, 255, 255, 0, 0, 0, 0, 0, 0, 0, 255, 255, 255, 255, 255, 255, 0, 0, 0, 0, 0, 0, 0, 255, 255, 255, 255, 255, 255, 255, 0, 0, 0, 0, 0, 0, 252, 255, 255, 255, 255, 255, 255, 0, 0, 0, 0, 0, 0, 0, 255, 255, 255, 255, 255, 255, 0, 0, 0, 0, 0, 0, 0, 255, 255, 255, 255, 255, 255, 255, 0, 0, 0, 0, 0, 0, 255, 255, 255, 255, 255, 255, 255, 0, 0, 0, 0, 0, 0, 0, 255, 255, 255, 255, 255, 255, 0, 0, 0, 0, 0, 0, 0, 255, 255, 255, 255, 255, 255, 0, 0, 0, 0, 0, 0, 0, 255, 255, 255, 255, 255, 255, 255, 0, 0, 0, 0, 0, 0, 255, 255, 255, 255, 255, 255, 255, 0, 0, 0, 0, 0, 0, 0, 255, 255, 255, 255, 255, 255, 0, 0, 0, 0, 0, 0, 0, 255, 255, 255, 255, 255, 255, 0, 0, 0, 0, 0, 0, 0, 255, 255, 255, 255, 255, 255, 213, 0, 0, 0, 0, 0, 0, 255, 255, 255, 255, 255, 255, 255, 0, 0, 0, 0, 0, 0, 155, 255, 255, 255, 255, 255, 255, 0, 0, 0, 0, 0, 0, 0, 255, 255, 255, 255, 255, 255, 0, 0, 0, 0, 0, 0, 0, 255, 255, 255, 255, 255, 255, 0, 0, 0, 0, 0, 0, 0, 255, 255, 255, 255, 255, 255, 255, 0, 0, 0, 0, 0, 0, 255, 255, 255, 255, 255, 255, 255, 0, 0, 0, 0, 0, 0, 0, 255, 255, 255, 255, 255, 255, 0, 0, 0, 0, 0, 0, 0, 255, 255, 255, 255, 255, 255, 0, 0, 0, 0, 0, 0, 0, 255, 255, 255, 255, 255, 255, 255, 0, 0, 0, 0, 0, 0, 255, 255, 255, 255, 255, 255, 255, 0, 0, 0, 0, 0, 0, 0, 255, 255, 255, 255, 255, 255, 0, 0, 0, 0, 0, 0, 0, 255, 255, 255, 255, 255, 255, 0, 0, 0, 0, 0, 0, 0, 255, 255, 255, 255, 255, 255, 184, 0, 0, 0, 0, 0, 0, 255, 255, 255, 255, 255, 255, 255, 0, 0, 0, 0, 0, 0, 15, 255, 255, 255, 255, 255, 255, 0, 0, 0, 0, 0, 0, 0, 255, 255, 255, 255, 255, 255, 0, 0, 0, 0, 0, 0, 0, 255, 255, 255, 255, 255, 255, 104, 0, 0, 0, 0, 0, 0, 255, 255, 255, 255, 255, 255, 255, 0, 0, 0, 0, 0, 0, 112, 255, 255, 255, 255, 255, 255, 0, 0, 0, 0, 0, 0, 0, 255, 255, 255, 255, 255, 255, 0, 0, 0, 0, 0, 0, 0, 255, 255, 255, 255, 255, 255, 0, 0, 0, 0, 0, 0, 0, 255, 255, 255, 255, 255, 255, 255, 0, 0, 0, 0, 0, 0, 255, 255, 255, 255, 255, 255, 255, 0, 0, 0, 0, 0, 0, 0, 255, 255, 255, 255, 255, 255, 0, 0, 0, 0, 0, 0, 0, 255, 255, 255, 255, 255, 255, 0, 0, 0, 0, 0, 0, 0, 255, 255, 255, 255, 255, 255, 255, 0, 0, 0, 0, 0, 0, 255, 255, 255, 255, 255, 255, 255, 0, 0, 0, 0, 0, 0, 111, 255, 255, 255, 255, 255, 255, 0, 0, 0, 0, 0, 0, 0, 255, 255, 255, 255, 255, 255, 0, 0, 0, 0, 0, 0, 0, 255, 255, 255, 255, 255, 255, 0, 0, 0, 0, 0, 0, 0, 255, 255, 255, 255, 255, 255, 255, 0, 0, 0, 0, 0, 0, 255, 255, 255, 255, 255, 255, 255, 0, 0, 0, 0, 0, 0, 0, 255, 255, 255, 255, 255, 255, 0, 0, 0, 0, 0, 0, 0, 255, 255, 255, 255, 255, 255, 0, 0, 0, 0, 0, 0, 0, 255, 255, 255, 255, 255, 255, 255, 0, 0, 0, 0, 0, 0, 255, 255, 255, 255, 255, 255, 255, 0, 0, 0, 0, 0, 0, 0, 255, 255, 255, 255, 255, 255, 0, 0, 0, 0, 0, 0, 0, 255, 255, 255, 255, 255, 255, 0, 0, 0, 0, 0, 0, 0, 255, 255, 255, 255, 255, 255, 4, 0, 0, 0, 0, 0, 0, 255, 255, 255, 255, 255, 255, 255, 0, 0, 0, 0, 0, 0, 87, 255, 255, 255, 255, 255, 255, 0, 0, 0, 0, 0, 0, 0, 255, 255, 255, 255, 255, 255, 0, 0, 0, 0, 0, 0, 0, 255, 255, 255, 255, 255, 255, 0, 0, 0, 0, 0, 0, 0, 255, 255, 255, 255, 255, 255, 255, 0, 0, 0, 0, 0, 0, 255, 255, 255, 255, 255, 255, 255, 0, 0, 0, 0, 0, 0, 0, 255, 255, 255, 255, 255, 255, 0, 0, 0, 0, 0, 0, 0, 255, 255, 255, 255, 255, 255, 0, 0, 0, 0, 0, 0, 0, 255, 255, 255, 255, 255, 255, 0, 0, 0, 0, 0, 0, 0, 255, 255, 255, 255, 255, 255, 116, 0, 0, 0, 0, 0, 0, 255, 255, 255, 255, 255, 255, 255, 0, 0, 0, 0, 0, 0, 50, 255, 255, 255, 255, 255, 255, 0, 0, 0, 0, 0, 0, 0, 255, 255, 255, 255, 255, 255, 0, 0, 0, 0, 0, 0, 0, 255, 255, 255, 255, 255, 255, 0, 0, 0, 0, 0, 0, 0, 255, 255, 255, 255, 255, 255, 20, 0, 0, 0, 0, 0, 0, 255, 255, 255, 255, 255, 255, 255, 0, 0, 0, 0, 0, 0, 87, 255, 255, 255, 255, 255, 255, 0, 0, 0, 0, 0, 0, 0, 255, 255, 255, 255, 255, 255, 0, 0, 0, 0, 0, 0, 0, 255, 255, 255, 255, 255, 255, 0, 0, 0, 0, 0, 0, 0, 255, 255, 255, 255, 255, 255, 0, 0, 0, 0, 0, 0, 0, 255, 255, 255, 255, 255, 255, 255, 0, 0, 0, 0, 0, 0, 86, 255, 255, 255, 255, 255, 255, 0, 0, 0, 0, 0, 0, 0, 255, 255, 255, 255, 255, 255, 0, 0, 0, 0, 0, 0, 0, 255, 255, 255, 255, 255, 255, 0, 0, 0, 0, 0, 0, 0, 255, 255, 255, 255, 255, 255, 81, 0, 0, 0, 0, 0, 0, 255, 255, 255, 255, 255, 255, 255, 0, 0, 0, 0, 0, 0, 0, 255, 255, 255, 255, 255, 255, 0, 0, 0, 0, 0, 0, 0, 255, 255, 255, 255, 255, 255, 0, 0, 0, 0, 0, 0, 0, 255, 255, 255, 255, 255, 255, 0, 0, 0, 0, 0, 0, 0, 255, 255, 255, 255, 255, 255, 255, 0, 0, 0, 0, 0, 0, 255, 255, 255, 255, 255, 255, 255, 0, 0, 0, 0, 0, 0, 0, 255, 255, 255, 255, 255, 255, 0, 0, 0, 0, 0, 0, 0, 255, 255, 255, 255, 255, 255, 0, 0, 0, 0, 0, 0, 0, 255, 255, 255, 255, 255, 255, 0, 0, 0, 0, 0, 0, 0, 255, 255, 255, 255, 255, 255, 255, 0, 0, 0, 0, 0, 0, 81, 255, 255, 255, 255, 255, 255, 0, 0, 0, 0, 0, 0, 0, 255, 255, 255, 255, 255, 255, 0, 0, 0, 0, 0, 0, 0, 255, 255, 255, 255, 255, 255, 0, 0, 0, 0, 0, 0, 0, 255, 255, 255, 255, 255, 255, 84, 0, 0, 0, 0, 0, 0, 255, 255, 255, 255, 255, 255, 255, 0, 0, 0, 0, 0, 0, 0, 255, 255, 255, 255, 255, 255, 0, 0, 0, 0, 0, 0, 0, 255, 255, 255, 255, 255, 255, 0, 0, 0, 0, 0, 0, 0, 255, 255, 255, 255, 255, 255, 0, 0, 0, 0, 0, 0, 0, 255, 255, 255, 255, 255, 255, 255, 0, 0, 0, 0, 0, 0, 255, 255, 255, 255, 255, 255, 255, 0, 0, 0, 0, 0, 0, 0, 255, 255, 255, 255, 255, 255, 0, 0, 0, 0, 0, 0, 0, 255, 255, 255, 255, 255, 255, 0, 0, 0, 0, 0, 0, 0, 255, 255, 255, 255, 255, 255, 182, 0, 0, 0, 0, 0, 0, 255, 255, 255, 255, 255, 255, 255, 0, 0, 0, 0, 0, 0, 0, 255, 255, 255, 255, 255, 255, 0, 0, 0, 0, 0, 0, 0, 255, 255, 255, 255, 255, 255, 0, 0, 0, 0, 0, 0, 0, 255, 255, 255, 255, 255, 255, 0, 0, 0, 0, 0, 0, 0, 255, 255, 255, 255, 255, 255, 255, 0, 0, 0, 0, 0, 0, 255, 255, 255, 255, 255, 255, 255, 0, 0, 0, 0, 0, 0, 0, 255, 255, 255, 255, 255, 255, 0, 0, 0, 0, 0, 0, 0, 255, 255, 255, 255, 255, 255, 0, 0, 0, 0, 0, 0, 0, 255, 255, 255, 255, 255, 255, 89, 0, 0, 0, 0, 0, 0, 255, 255, 255, 255, 255, 255, 255, 0, 0, 0, 0, 0, 0, 159, 255, 255, 255, 255, 255, 255, 0, 0, 0, 0, 0, 0, 0, 255, 255, 255, 255, 255, 255, 0, 0, 0, 0, 0, 0, 0, 255, 255, 255, 255, 255, 255, 0, 0, 0, 0, 0, 0, 0, 255, 255, 255, 255, 255, 255, 255, 0, 0, 0, 0, 0, 0, 255, 255, 255, 255, 255, 255, 255, 0, 0, 0, 0, 0, 0, 31, 255, 255, 255, 255, 255, 255, 0, 0, 0, 0, 0, 0, 0, 255, 255, 255, 255, 255, 255, 0, 0, 0, 0, 0, 0, 0, 255, 255, 255, 255, 255, 255, 0, 0, 0, 0, 0, 0, 0, 255, 255, 255, 255, 255, 255, 255, 0, 0, 0, 0, 0, 0, 255, 255, 255, 255, 255, 255, 255, 0, 0, 0, 0, 0, 0, 0, 255, 255, 255, 255, 255, 255, 0, 0, 0, 0, 0, 0, 0, 255, 255, 255, 255, 255, 255, 0, 0, 0, 0, 0, 0, 0, 255, 255, 255, 255, 255, 255, 107, 0, 0, 0, 0, 0, 0, 255, 255, 255, 255, 255, 255, 255, 0, 0, 0, 0, 0, 0, 255, 255, 255, 255, 255, 255, 255, 0, 0, 0, 0, 0, 0, 0, 255, 255, 255, 255, 255, 255, 0, 0, 0, 0, 0, 0, 0, 255, 255, 255, 255, 255, 255, 0, 0, 0, 0, 0, 0, 0, 255, 255, 255, 255, 255, 255, 255, 0, 0, 0, 0, 0, 0, 255, 255, 255, 255, 255, 255, 255, 0, 0, 0, 0, 0, 0, 160, 255, 255, 255, 255, 255, 255, 0, 0, 0, 0, 0, 0, 0, 255, 255, 255, 255, 255, 255, 0, 0, 0, 0, 0, 0, 0, 255, 255, 255, 255, 255, 255, 23, 0, 0, 0, 0, 0, 0, 255, 255, 255, 255, 255, 255, 255, 0, 0, 0, 0, 0, 0, 255, 255, 255, 255, 255, 255, 255, 0, 0, 0, 0, 0, 0, 0, 255, 255, 255, 255, 255, 255, 0, 0, 0, 0, 0, 0, 0, 255, 255, 255, 255, 255, 255, 0, 0, 0, 0, 0, 0, 0, 255, 255, 255, 255, 255, 255, 255, 0, 0, 0, 0, 0, 0, 255, 255, 255, 255, 255, 255, 255, 0, 0, 0, 0, 0, 0, 150, 255, 255, 255, 255, 255, 255, 0, 0, 0, 0, 0, 0, 0, 255, 255, 255, 255, 255, 255, 0, 0, 0, 0, 0, 0, 0, 255, 255, 255, 255, 255, 255, 150, 0, 0, 0, 0, 0, 0, 255, 255, 255, 255, 255, 255, 255, 0, 0, 0, 0, 0, 0, 255, 255, 255, 255, 255, 255, 255, 0, 0, 0, 0, 0, 0, 0, 255, 255, 255, 255, 255, 255, 0, 0, 0, 0, 0, 0, 0, 255, 255, 255, 255, 255, 255, 0, 0, 0, 0, 0, 0, 0, 255, 255, 255, 255, 255, 255, 255, 0, 0, 0, 0, 0, 0, 255, 255, 255, 255, 255, 255, 255, 0, 0, 0, 0, 0, 0, 221, 255, 255, 255, 255, 255, 255, 0, 0, 0, 0, 0, 0, 0, 255, 255, 255, 255, 255, 255, 0, 0, 0, 0, 0, 0, 0, 255, 255, 255, 255, 255, 255, 0, 0, 0, 0, 0, 0, 0, 255, 255, 255, 255, 255, 255, 255, 0, 0, 0, 0, 0, 0, 255, 255, 255, 255, 255, 255, 255, 0, 0, 0, 0, 0, 0, 198, 255, 255, 255, 255, 255, 255, 0, 0, 0, 0, 0, 0, 0, 255, 255, 255, 255, 255, 255, 0, 0, 0, 0, 0, 0, 0, 255, 255, 255, 255, 255, 255, 128, 0, 0, 0, 0, 0, 0, 255, 255, 255, 255, 255, 255, 255, 0, 0, 0, 0, 0, 0, 255, 255, 255, 255, 255, 255, 255, 0, 0, 0, 0, 0, 0, 0, 255, 255, 255, 255, 255, 255, 0, 0, 0, 0, 0, 0, 0, 255, 255, 255, 255, 255, 255, 0, 0, 0, 0, 0, 0, 0, 255, 255, 255, 255, 255, 255, 255, 0, 0, 0, 0, 0, 0, 255, 255, 255, 255, 255, 255, 255, 0, 0, 0, 0, 0, 0, 255, 255, 255, 255, 255, 255, 255, 0, 0, 0, 0, 0, 0, 0, 255, 255, 255, 255, 255, 255, 0, 0, 0, 0, 0, 0, 0, 255, 255, 255, 255, 255, 255, 48, 0, 0, 0, 0, 0, 0, 255, 255, 255, 255, 255, 255, 255, 0, 0, 0, 0, 0, 0, 255, 255, 255, 255, 255, 255, 255, 0, 0, 0, 0, 0, 0, 50, 255, 255, 255, 255, 255, 255, 0, 0, 0, 0, 0, 0, 0, 255, 255, 255, 255, 255, 255, 0, 0, 0, 0, 0, 0, 0, 255, 255, 255, 255, 255, 255, 255, 0, 0, 0, 0, 0, 0, 255, 255, 255, 255, 255, 255, 255, 0, 0, 0, 0, 0, 0, 255, 255, 255, 255, 255, 255, 255, 0, 0, 0, 0, 0, 0, 0, 255, 255, 255, 255, 255, 255, 0, 0, 0, 0, 0, 0, 0, 255, 255, 255, 255, 255, 255, 100, 0, 0, 0, 0, 0, 0, 255, 255, 255, 255, 255, 255, 255, 0, 0, 0, 0, 0, 0, 255, 255, 255, 255, 255, 255, 255, 0, 0, 0, 0, 0, 0, 48, 255, 255, 255, 255, 255, 255, 0, 0, 0, 0, 0, 0, 0, 255, 255, 255, 255, 255, 255, 0, 0, 0, 0, 0, 0, 0, 255, 255, 255, 255, 255, 255, 255, 0, 0, 0, 0, 0, 0, 255, 255, 255, 255, 255, 255, 255, 0, 0, 0, 0, 0, 0, 255, 255, 255, 255, 255, 255, 255, 0, 0, 0, 0, 0, 0, 0, 255, 255, 255, 255, 255, 255, 0, 0, 0, 0, 0, 0, 0, 255, 255, 255, 255, 255, 255, 24, 0, 0, 0, 0, 0, 0, 255, 255, 255, 255, 255, 255, 255, 0, 0, 0, 0, 0, 0, 255, 255, 255, 255, 255, 255, 255, 0, 0, 0, 0, 0, 0, 255, 255, 255, 255, 255, 255, 255, 0, 0, 0, 0, 0, 0, 0, 255, 255, 255, 255, 255, 255, 0, 0, 0, 0, 0, 0, 0, 255, 255, 255, 255, 255, 255, 174, 0, 0, 0, 0, 0, 0, 255, 255, 255, 255, 255, 255, 255, 0, 0, 0, 0, 0, 0, 255, 255, 255, 255, 255, 255, 255, 0, 0, 0, 0, 0, 0, 228, 255, 255, 255, 255, 255, 255, 0, 0, 0, 0, 0, 0, 0, 255, 255, 255, 255, 255, 255, 0, 0, 0, 0, 0, 0, 0, 255, 255, 255, 255, 255, 255, 255, 0, 0, 0, 0, 0, 0, 255, 255, 255, 255, 255, 255, 255, 0, 0, 0, 0, 0, 0, 255, 255, 255, 255, 255, 255, 255, 0, 0, 0, 0, 0, 0, 0, 255, 255, 255, 255, 255, 255, 0, 0, 0, 0, 0, 0, 0, 255, 255, 255, 255, 255, 255, 211, 0, 0, 0, 0, 0, 0, 255, 255, 255, 255, 255, 255, 255, 0, 0, 0, 0, 0, 0, 255, 255, 255, 255, 255, 255, 255, 0, 0, 0, 0, 0, 0, 255, 255, 255, 255, 255, 255, 255, 0, 0, 0, 0, 0, 0, 0, 255, 255, 255, 255, 255, 255, 0, 0, 0, 0, 0, 0, 0, 255, 255, 255, 255, 255, 255, 255, 0, 0, 0, 0, 0, 0, 255, 255, 255, 255, 255, 255, 255, 0, 0, 0, 0, 0, 0, 255, 255, 255, 255, 255, 255, 255, 0, 0, 0, 0, 0, 0, 214, 255, 255, 255, 255, 255, 255, 0, 0, 0, 0, 0, 0, 0, 255, 255, 255, 255, 255, 255, 150, 0, 0, 0, 0, 0, 0, 255, 255, 255, 255, 255, 255, 255, 0, 0, 0, 0, 0, 0, 255, 255, 255, 255, 255, 255, 255, 0, 0, 0, 0, 0, 0, 255, 255, 255, 255, 255, 255, 255, 0, 0, 0, 0, 0, 0, 0, 255, 255, 255, 255, 255, 255, 33, 0, 0, 0, 0, 0, 0, 255, 255, 255, 255, 255, 255, 255, 0, 0, 0, 0, 0, 0, 255, 255, 255, 255, 255, 255, 255, 0, 0, 0, 0, 0, 0, 255, 255, 255, 255, 255, 255, 255, 0, 0, 0, 0, 0, 0, 0, 255, 255, 255, 255, 255, 255, 0, 0, 0, 0, 0, 0, 0, 255, 255, 255, 255, 255, 255, 255, 0, 0, 0, 0, 0, 0, 255, 255, 255, 255, 255, 255, 255, 0, 0, 0, 0, 0, 0, 255, 255, 255, 255, 255, 255, 255, 0, 0, 0, 0, 0, 0, 255, 255, 255, 255, 255, 255, 255, 0, 0, 0, 0, 0, 0, 0, 255, 255, 255, 255, 255, 255, 64, 0, 0, 0, 0, 0, 0, 255, 255, 255, 255, 255, 255, 255, 0, 0, 0, 0, 0, 0, 255, 255, 255, 255, 255, 255, 255, 0, 0, 0, 0, 0, 0, 255, 255, 255, 255, 255, 255, 255, 0, 0, 0, 0, 0, 0, 208, 255, 255, 255, 255, 255, 255, 0, 0, 0, 0, 0, 0, 0, 255, 255, 255, 255, 255, 255, 251, 0, 0, 0, 0, 0, 0, 255, 255, 255, 255, 255, 255, 255, 0, 0, 0, 0, 0, 0, 255, 255, 255, 255, 255, 255, 255, 0, 0, 0, 0, 0, 0, 255, 255, 255, 255, 255, 255, 255, 0, 0, 0, 0, 0, 0, 13, 255, 255, 255, 255, 255, 255, 0, 0, 0, 0, 0, 0, 0, 255, 255, 255, 255, 255, 255, 255, 0, 0, 0, 0, 0, 0, 255, 255, 255, 255, 255, 255, 255, 0, 0, 0, 0, 0, 0, 255, 255, 255, 255, 255, 255, 255, 0, 0, 0, 0, 0, 0, 255, 255, 255, 255, 255, 255, 255, 0, 0, 0, 0, 0, 0, 0, 255, 255, 255, 255, 255, 255, 231, 0, 0, 0, 0, 0, 0, 255, 255, 255, 255, 255, 255, 255, 0, 0, 0, 0, 0, 0, 255, 255, 255, 255, 255, 255, 255, 0, 0, 0, 0, 0, 0, 255, 255, 255, 255, 255, 255, 255, 0, 0, 0, 0, 0, 0, 91, 255, 255, 255, 255, 255, 255, 0, 0, 0, 0, 0, 0, 0, 255, 255, 255, 255, 255, 255, 255, 0, 0, 0, 0, 0, 0, 255, 255, 255, 255, 255, 255, 255, 0, 0, 0, 0, 0, 0, 255, 255, 255, 255, 255, 255, 255, 0, 0, 0, 0, 0, 0, 255, 255, 255, 255, 255, 255, 255, 0, 0, 0, 0, 0, 0, 25, 255, 255, 255, 255, 255, 255, 57, 0, 0, 0, 0, 0, 0, 255, 255, 255, 255, 255, 255, 255, 0, 0, 0, 0, 0, 0, 255, 255, 255, 255, 255, 255, 255, 0, 0, 0, 0, 0, 0, 255, 255, 255, 255, 255, 255, 255, 0, 0, 0, 0, 0, 0, 255, 255, 255, 255, 255, 255, 255, 0, 0, 0, 0, 0, 0, 0, 255, 255, 255, 255, 255, 255, 127, 0, 0, 0, 0, 0, 0, 255, 255, 255, 255, 255, 255, 255, 0, 0, 0, 0, 0, 0, 255, 255, 255, 255, 255, 255, 255, 0, 0, 0, 0, 0, 0, 255, 255, 255, 255, 255, 255, 255, 0, 0, 0, 0, 0, 0, 197, 255, 255, 255, 255, 255, 255, 0, 0, 0, 0, 0, 0, 0, 255, 255, 255, 255, 255, 255, 255, 0, 0, 0, 0, 0, 0, 255, 255, 255, 255, 255, 255, 255, 0, 0, 0, 0, 0, 0, 255, 255, 255, 255, 255, 255, 255, 0, 0, 0, 0, 0, 0, 255, 255, 255, 255, 255, 255, 255, 0, 0, 0, 0, 0, 0, 0, 255, 255, 255, 255, 255, 255, 153, 0, 0, 0, 0, 0, 0, 255, 255, 255, 255, 255, 255, 255, 0, 0, 0, 0, 0, 0, 255, 255, 255, 255, 255, 255, 255, 0, 0, 0, 0, 0, 0, 255, 255, 255, 255, 255, 255, 255, 0, 0, 0, 0, 0, 0, 149, 255, 255, 255, 255, 255, 255, 0, 0, 0, 0, 0, 0, 0, 255, 255, 255, 255, 255, 255, 255, 0, 0, 0, 0, 0, 0, 255, 255, 255, 255, 255, 255, 255, 0, 0, 0, 0, 0, 0, 255, 255, 255, 255, 255, 255, 255, 0, 0, 0, 0, 0, 0, 255, 255, 255, 255, 255, 255, 255, 0, 0, 0, 0, 0, 0, 0, 255, 255, 255, 255, 255, 255, 73, 0, 0, 0, 0, 0, 0, 255, 255, 255, 255, 255, 255, 255, 0, 0, 0, 0, 0, 0, 255, 255, 255, 255, 255, 255, 255, 0, 0, 0, 0, 0, 0, 255, 255, 255, 255, 255, 255, 255, 0, 0, 0, 0, 0, 0, 207, 255, 255, 255, 255, 255, 255, 0, 0, 0, 0, 0, 0, 0, 255, 255, 255, 255, 255, 255, 255, 0, 0, 0, 0, 0, 0, 255, 255, 255, 255, 255, 255, 255, 0, 0, 0, 0, 0, 0, 255, 255, 255, 255, 255, 255, 255, 0, 0, 0, 0, 0, 0, 255, 255, 255, 255, 255, 255, 255, 0, 0, 0, 0, 0, 0, 2, 255, 255, 255, 255, 255, 255, 105, 0, 0, 0, 0, 0, 0, 255, 255, 255, 255, 255, 255, 255, 0, 0, 0, 0, 0, 0, 255, 255, 255, 255, 255, 255, 255, 0, 0, 0, 0, 0, 0, 255, 255, 255, 255, 255, 255, 255, 0, 0, 0, 0, 0, 0, 238, 255, 255, 255, 255, 255, 255, 0, 0, 0, 0, 0, 0, 0, 255, 255, 255, 255, 255, 255, 255, 0, 0, 0, 0, 0, 0, 255, 255, 255, 255, 255, 255, 255, 0, 0, 0, 0, 0, 0, 255, 255, 255, 255, 255, 255, 255, 0, 0, 0, 0, 0, 0, 255, 255, 255, 255, 255, 255, 255, 0, 0, 0, 0, 0, 0, 60, 255, 255, 255, 255, 255, 255, 164, 0, 0, 0, 0, 0, 0, 255, 255, 255, 255, 255, 255, 255, 0, 0, 0, 0, 0, 0, 255, 255, 255, 255, 255, 255, 255, 0, 0, 0, 0, 0, 0, 255, 255, 255, 255, 255, 255, 255, 0, 0, 0, 0, 0, 0, 191, 255, 255, 255, 255, 255, 255, 59, 0, 0, 0, 0, 0, 0, 255, 255, 255, 255, 255, 255, 255, 0, 0, 0, 0, 0, 0, 255, 255, 255, 255, 255, 255, 255, 0, 0, 0, 0, 0, 0, 255, 255, 255, 255, 255, 255, 255, 0, 0, 0, 0, 0, 0, 255, 255, 255, 255, 255, 255, 255, 0, 0, 0, 0, 0, 0, 0, 255, 255, 255, 255, 255, 255, 255, 0, 0, 0, 0, 0, 0, 255, 255, 255, 255, 255, 255, 255, 0, 0, 0, 0, 0, 0, 255, 255, 255, 255, 255, 255, 255, 0, 0, 0, 0, 0, 0, 255, 255, 255, 255, 255, 255, 255, 0, 0, 0, 0, 0, 0, 152, 255, 255, 255, 255, 255, 255, 123, 0, 0, 0, 0, 0, 0, 255, 255, 255, 255, 255, 255, 255, 0, 0, 0, 0, 0, 0, 255, 255, 255, 255, 255, 255, 255, 0, 0, 0, 0, 0, 0, 255, 255, 255, 255, 255, 255, 255, 0, 0, 0, 0, 0, 0, 201, 255, 255, 255, 255, 255, 255, 0, 0, 0, 0, 0, 0, 0, 255, 255, 255, 255, 255, 255, 255, 0, 0, 0, 0, 0, 0, 255, 255, 255, 255, 255, 255, 255, 0, 0, 0, 0, 0, 0, 255, 255, 255, 255, 255, 255, 255, 0, 0, 0, 0, 0, 0, 255, 255, 255, 255, 255, 255, 255, 0, 0, 0, 0, 0, 0, 0, 255, 255, 255, 255, 255, 255, 255, 0, 0, 0, 0, 0, 0, 255, 255, 255, 255, 255, 255, 255, 0, 0, 0, 0, 0, 0, 255, 255, 255, 255, 255, 255, 255, 0, 0, 0, 0, 0, 0, 255, 255, 255, 255, 255, 255, 255, 0, 0, 0, 0, 0, 0, 122, 255, 255, 255, 255, 255, 255, 90, 0, 0, 0, 0, 0, 0, 255, 255, 255, 255, 255, 255, 255, 0, 0, 0, 0, 0, 0, 255, 255, 255, 255, 255, 255, 255, 0, 0, 0, 0, 0, 0, 255, 255, 255, 255, 255, 255, 255, 0, 0, 0, 0, 0, 0, 255, 255, 255, 255, 255, 255, 255, 0, 0, 0, 0, 0, 0, 2, 255, 255, 255, 255, 255, 255, 181, 0, 0, 0, 0, 0, 0, 255, 255, 255, 255, 255, 255, 255, 0, 0, 0, 0, 0, 0, 255, 255, 255, 255, 255, 255, 255, 0, 0, 0, 0, 0, 0, 255, 255, 255, 255, 255, 255, 255, 0, 0, 0, 0, 0, 0, 238, 255, 255, 255, 255, 255, 255, 0, 0, 0, 0, 0, 0, 0, 255, 255, 255, 255, 255, 255, 255, 0, 0, 0, 0, 0, 0, 255, 255, 255, 255, 255, 255, 255, 0, 0, 0, 0, 0, 0, 255, 255, 255, 255, 255, 255, 255, 0, 0, 0, 0, 0, 0, 255, 255, 255, 255, 255, 255, 255, 0, 0, 0, 0, 0, 0, 81, 255, 255, 255, 255, 255, 255, 15, 0, 0, 0, 0, 0, 0, 255, 255, 255, 255, 255, 255, 255, 0, 0, 0, 0, 0, 0, 255, 255, 255, 255, 255, 255, 255, 0, 0, 0, 0, 0, 0, 255, 255, 255, 255, 255, 255, 255, 0, 0, 0, 0, 0, 0, 255, 255, 255, 255, 255, 255, 255, 0, 0, 0, 0, 0, 0, 0, 255, 255, 255, 255, 255, 255, 192, 0, 0, 0, 0, 0, 0, 255, 255, 255, 255, 255, 255, 255, 0, 0, 0, 0, 0, 0, 255, 255, 255, 255, 255, 255, 255, 0, 0, 0, 0, 0, 0, 255, 255, 255, 255, 255, 255, 255, 0, 0, 0, 0, 0, 0, 10, 255, 255, 255, 255, 255, 255, 0, 0, 0, 0, 0, 0, 0, 255, 255, 255, 255, 255, 255, 255, 0, 0, 0, 0, 0, 0, 255, 255, 255, 255, 255, 255, 255, 0, 0, 0, 0, 0, 0, 255, 255, 255, 255, 255, 255, 255, 0, 0, 0, 0, 0, 0, 212, 255, 255, 255, 255, 255, 255, 0, 0, 0, 0, 0, 0, 0, 255, 255, 255, 255, 255, 255, 125, 0, 0, 0, 0, 0, 0, 255, 255, 255, 255, 255, 255, 255, 0, 0, 0, 0, 0, 0, 255, 255, 255, 255, 255, 255, 255, 0, 0, 0, 0, 0, 0, 255, 255, 255, 255, 255, 255, 255, 0, 0, 0, 0, 0, 0, 67, 255, 255, 255, 255, 255, 255, 0, 0, 0, 0, 0, 0, 0, 255, 255, 255, 255, 255, 255, 255, 0, 0, 0, 0, 0, 0, 255, 255, 255, 255, 255, 255, 255, 0, 0, 0, 0, 0, 0, 255, 255, 255, 255, 255, 255, 255, 0, 0, 0, 0, 0, 0, 255, 255, 255, 255, 255, 255, 255, 0, 0, 0, 0, 0, 0, 0, 255, 255, 255, 255, 255, 255, 0, 0, 0, 0, 0, 0, 0, 255, 255, 255, 255, 255, 255, 255, 0, 0, 0, 0, 0, 0, 255, 255, 255, 255, 255, 255, 255, 0, 0, 0, 0, 0, 0, 255, 255, 255, 255, 255, 255, 255, 0, 0, 0, 0, 0, 0, 163, 255, 255, 255, 255, 255, 255, 0, 0, 0, 0, 0, 0, 0, 255, 255, 255, 255, 255, 255, 142, 0, 0, 0, 0, 0, 0, 255, 255, 255, 255, 255, 255, 255, 0, 0, 0, 0, 0, 0, 255, 255, 255, 255, 255, 255, 255, 0, 0, 0, 0, 0, 0, 255, 255, 255, 255, 255, 255, 255, 0, 0, 0, 0, 0, 0, 0, 255, 255, 255, 255, 255, 255, 0, 0, 0, 0, 0, 0, 0, 255, 255, 255, 255, 255, 255, 255, 0, 0, 0, 0, 0, 0, 255, 255, 255, 255, 255, 255, 255, 0, 0, 0, 0, 0, 0, 255, 255, 255, 255, 255, 255, 255, 0, 0, 0, 0, 0, 0, 64, 255, 255, 255, 255, 255, 255, 0, 0, 0, 0, 0, 0, 0, 255, 255, 255, 255, 255, 255, 225, 0, 0, 0, 0, 0, 0, 255, 255, 255, 255, 255, 255, 255, 0, 0, 0, 0, 0, 0, 255, 255, 255, 255, 255, 255, 255, 0, 0, 0, 0, 0, 0, 199, 255, 255, 255, 255, 255, 255, 0, 0, 0, 0, 0, 0, 0, 255, 255, 255, 255, 255, 255, 20, 0, 0, 0, 0, 0, 0, 255, 255, 255, 255, 255, 255, 255, 0, 0, 0, 0, 0, 0, 255, 255, 255, 255, 255, 255, 255, 0, 0, 0, 0, 0, 0, 255, 255, 255, 255, 255, 255, 255, 0, 0, 0, 0, 0, 0, 13, 255, 255, 255, 255, 255, 255, 0, 0, 0, 0, 0, 0, 0, 255, 255, 255, 255, 255, 255, 177, 0, 0, 0, 0, 0, 0, 255, 255, 255, 255, 255, 255, 255, 0, 0, 0, 0, 0, 0, 255, 255, 255, 255, 255, 255, 255, 0, 0, 0, 0, 0, 0, 198, 255, 255, 255, 255, 255, 255, 0, 0, 0, 0, 0, 0, 0, 255, 255, 255, 255, 255, 255, 0, 0, 0, 0, 0, 0, 0, 255, 255, 255, 255, 255, 255, 255, 0, 0, 0, 0, 0, 0, 255, 255, 255, 255, 255, 255, 255, 0, 0, 0, 0, 0, 0, 255, 255, 255, 255, 255, 255, 255, 0, 0, 0, 0, 0, 0, 0, 255, 255, 255, 255, 255, 255, 0, 0, 0, 0, 0, 0, 0, 255, 255, 255, 255, 255, 255, 227, 0, 0, 0, 0, 0, 0, 255, 255, 255, 255, 255, 255, 255, 0, 0, 0, 0, 0, 0, 255, 255, 255, 255, 255, 255, 255, 0, 0, 0, 0, 0, 0, 0, 255, 255, 255, 255, 255, 255, 0, 0, 0, 0, 0, 0, 0, 255, 255, 255, 255, 255, 255, 43, 0, 0, 0, 0, 0, 0, 255, 255, 255, 255, 255, 255, 255, 0, 0, 0, 0, 0, 0, 255, 255, 255, 255, 255, 255, 255, 0, 0, 0, 0, 0, 0, 136, 255, 255, 255, 255, 255, 255, 0, 0, 0, 0, 0, 0, 0, 255, 255, 255, 255, 255, 255, 0, 0, 0, 0, 0, 0, 0, 255, 255, 255, 255, 255, 255, 222, 0, 0, 0, 0, 0, 0, 255, 255, 255, 255, 255, 255, 255, 0, 0, 0, 0, 0, 0, 255, 255, 255, 255, 255, 255, 255, 0, 0, 0, 0, 0, 0, 0, 255, 255, 255, 255, 255, 255, 0, 0, 0, 0, 0, 0, 0, 255, 255, 255, 255, 255, 255, 0, 0, 0, 0, 0, 0, 0, 255, 255, 255, 255, 255, 255, 255, 0, 0, 0, 0, 0, 0, 255, 255, 255, 255, 255, 255, 255, 0, 0, 0, 0, 0, 0, 73, 255, 255, 255, 255, 255, 255, 0, 0, 0, 0, 0, 0, 0, 255, 255, 255, 255, 255, 255, 0, 0, 0, 0, 0, 0, 0, 255, 255, 255, 255, 255, 255, 141, 0, 0, 0, 0, 0, 0, 255, 255, 255, 255, 255, 255, 255, 0, 0, 0, 0, 0, 0, 249, 255, 255, 255, 255, 255, 255, 0, 0, 0, 0, 0, 0, 0, 255, 255, 255, 255, 255, 255, 0, 0, 0, 0, 0, 0, 0, 255, 255, 255, 255, 255, 255, 0, 0, 0, 0, 0, 0, 0, 255, 255, 255, 255, 255, 255, 255, 0, 0, 0, 0, 0, 0, 255, 255, 255, 255, 255, 255, 255, 0, 0, 0, 0, 0, 0, 44, 255, 255, 255, 255, 255, 255, 0, 0, 0, 0, 0, 0, 0, 255, 255, 255, 255, 255, 255, 0, 0, 0, 0, 0, 0, 0, 255, 255, 255, 255, 255, 255, 72, 0, 0, 0, 0, 0, 0, 255, 255, 255, 255, 255, 255, 255, 0, 0, 0, 0, 0, 0, 211, 255, 255, 255, 255, 255, 255, 0, 0, 0, 0, 0, 0, 0, 255, 255, 255, 255, 255, 255, 0, 0, 0, 0, 0, 0, 0, 255, 255, 255, 255, 255, 255, 0, 0, 0, 0, 0, 0, 0, 255, 255, 255, 255, 255, 255, 255, 0, 0, 0, 0, 0, 0, 255, 255, 255, 255, 255, 255, 255, 0, 0, 0, 0, 0, 0, 0, 255, 255, 255, 255, 255, 255, 0, 0, 0, 0, 0, 0, 0, 255, 255, 255, 255, 255, 255, 0, 0, 0, 0, 0, 0, 0, 255, 255, 255, 255, 255, 255, 93, 0, 0, 0, 0, 0, 0, 255, 255, 255, 255, 255, 255, 255, 0, 0, 0, 0, 0, 0, 129, 255, 255, 255, 255, 255, 255, 0, 0, 0, 0, 0, 0, 0, 255, 255, 255, 255, 255, 255, 0, 0, 0, 0, 0, 0, 0, 255, 255, 255, 255, 255, 255, 0, 0, 0, 0, 0, 0, 0, 255, 255, 255, 255, 255, 255, 255, 0, 0, 0, 0, 0, 0, 255, 255, 255, 255, 255, 255, 255, 0, 0, 0, 0, 0, 0, 0, 255, 255, 255, 255, 255, 255, 0, 0, 0, 0, 0, 0, 0, 255, 255, 255, 255, 255, 255, 0, 0, 0, 0, 0, 0, 0, 255, 255, 255, 255, 255, 255, 73, 0, 0, 0, 0, 0, 0, 255, 255, 255, 255, 255, 255, 255, 0, 0, 0, 0, 0, 0, 107, 255, 255, 255, 255, 255, 255, 0, 0, 0, 0, 0, 0, 0, 255, 255, 255, 255, 255, 255, 0, 0, 0, 0, 0, 0, 0, 255, 255, 255, 255, 255, 255, 0, 0, 0, 0, 0, 0, 0, 255, 255, 255, 255, 255, 255, 255, 0, 0, 0, 0, 0, 0, 255, 255, 255, 255, 255, 255, 255, 0, 0, 0, 0, 0, 0, 0, 255, 255, 255, 255, 255, 255, 0, 0, 0, 0, 0, 0, 0, 255, 255, 255, 255, 255, 255, 0, 0, 0, 0, 0, 0, 0, 255, 255, 255, 255, 255, 255, 182, 0, 0, 0, 0, 0, 0, 255, 255, 255, 255, 255, 255, 255, 0, 0, 0, 0, 0, 0, 98, 255, 255, 255, 255, 255, 255, 0, 0, 0, 0, 0, 0, 0, 255, 255, 255, 255, 255, 255, 0, 0, 0, 0, 0, 0, 0, 255, 255, 255, 255, 255, 255, 0, 0, 0, 0, 0, 0, 0, 255, 255, 255, 255, 255, 255, 255, 0, 0, 0, 0, 0, 0, 255, 255, 255, 255, 255, 255, 255, 0, 0, 0, 0, 0, 0, 0, 255, 255, 255, 255, 255, 255, 0, 0, 0, 0, 0, 0, 0, 255, 255, 255, 255, 255, 255, 0, 0, 0, 0, 0, 0, 0, 255, 255, 255, 255, 255, 255, 188, 0, 0, 0, 0, 0, 0, 255, 255, 255, 255, 255, 255, 255, 0, 0, 0, 0, 0, 0, 132, 255, 255, 255, 255, 255, 255, 0, 0, 0, 0, 0, 0, 0, 255, 255, 255, 255, 255, 255, 0, 0, 0, 0, 0, 0, 0, 255, 255, 255, 255, 255, 255, 27, 0, 0, 0, 0, 0, 0, 255, 255, 255, 255, 255, 255, 255, 0, 0, 0, 0, 0, 0, 255, 255, 255, 255, 255, 255, 255, 0, 0, 0, 0, 0, 0, 0, 255, 255, 255, 255, 255, 255, 0, 0, 0, 0, 0, 0, 0, 255, 255, 255, 255, 255, 255, 0, 0, 0, 0, 0, 0, 0, 255, 255, 255, 255, 255, 255, 255, 0, 0, 0, 0, 0, 0, 255, 255, 255, 255, 255, 255, 255, 0, 0, 0, 0, 0, 0, 84, 255, 255, 255, 255, 255, 255, 0, 0, 0, 0, 0, 0, 0, 255, 255, 255, 255, 255, 255, 0, 0, 0, 0, 0, 0, 0, 255, 255, 255, 255, 255, 255, 154, 0, 0, 0, 0, 0, 0, 255, 255, 255, 255, 255, 255, 255, 0, 0, 0, 0, 0, 0, 255, 255, 255, 255, 255, 255, 255, 0, 0, 0, 0, 0, 0, 0, 255, 255, 255, 255, 255, 255, 0, 0, 0, 0, 0, 0, 0, 255, 255, 255, 255, 255, 255, 35, 0, 0, 0, 0, 0, 0, 255, 255, 255, 255, 255, 255, 255, 0, 0, 0, 0, 0, 0, 255, 255, 255, 255, 255, 255, 255, 0, 0, 0, 0, 0, 0, 22, 255, 255, 255, 255, 255, 255, 0, 0, 0, 0, 0, 0, 0, 255, 255, 255, 255, 255, 255, 0, 0, 0, 0, 0, 0, 0, 255, 255, 255, 255, 255, 255, 255, 0, 0, 0, 0, 0, 0, 255, 255, 255, 255, 255, 255, 255, 0, 0, 0, 0, 0, 0, 199, 255, 255, 255, 255, 255, 255, 0, 0, 0, 0, 0, 0, 0, 255, 255, 255, 255, 255, 255, 0, 0, 0, 0, 0, 0, 0, 255, 255, 255, 255, 255, 255, 225, 0, 0, 0, 0, 0, 0, 255, 255, 255, 255, 255, 255, 255, 0, 0, 0, 0, 0, 0, 255, 255, 255, 255, 255, 255, 255, 0, 0, 0, 0, 0, 0, 53, 255, 255, 255, 255, 255, 255, 0, 0, 0, 0, 0, 0, 0, 255, 255, 255, 255, 255, 255, 67, 0, 0, 0, 0, 0, 0, 255, 255, 255, 255, 255, 255, 255, 0, 0, 0, 0, 0, 0, 255, 255, 255, 255, 255, 255, 255, 0, 0, 0, 0, 0, 0, 230, 255, 255, 255, 255, 255, 255, 0, 0, 0, 0, 0, 0, 0, 255, 255, 255, 255, 255, 255, 0, 0, 0, 0, 0, 0, 0, 255, 255, 255, 255, 255, 255, 255, 0, 0, 0, 0, 0, 0, 255, 255, 255, 255, 255, 255, 255, 0, 0, 0, 0, 0, 0, 255, 255, 255, 255, 255, 255, 255, 0, 0, 0, 0, 0, 0, 79, 255, 255, 255, 255, 255, 255, 0, 0, 0, 0, 0, 0, 0, 255, 255, 255, 255, 255, 255, 116, 0, 0, 0, 0, 0, 0, 255, 255, 255, 255, 255, 255, 255, 0, 0, 0, 0, 0, 0, 255, 255, 255, 255, 255, 255, 255, 0, 0, 0, 0, 0, 0, 255, 255, 255, 255, 255, 255, 255, 0, 0, 0, 0, 0, 0, 0, 255, 255, 255, 255, 255, 255, 0, 0, 0, 0, 0, 0, 0, 255, 255, 255, 255, 255, 255, 255, 0, 0, 0, 0, 0, 0, 255, 255, 255, 255, 255, 255, 255, 0, 0, 0, 0, 0, 0, 255, 255, 255, 255, 255, 255, 255, 0, 0, 0, 0, 0, 0, 147, 255, 255, 255, 255, 255, 255, 0, 0, 0, 0, 0, 0, 0, 255, 255, 255, 255, 255, 255, 163, 0, 0, 0, 0, 0, 0, 255, 255, 255, 255, 255, 255, 255, 0, 0, 0, 0, 0, 0, 255, 255, 255, 255, 255, 255, 255, 0, 0, 0, 0, 0, 0, 255, 255, 255, 255, 255, 255, 255, 0, 0, 0, 0, 0, 0, 0, 255, 255, 255, 255, 255, 255, 0, 0, 0, 0, 0, 0, 0, 255, 255, 255, 255, 255, 255, 255, 0, 0, 0, 0, 0, 0, 255, 255, 255, 255, 255, 255, 255, 0, 0, 0, 0, 0, 0, 255, 255, 255, 255, 255, 255, 255, 0, 0, 0, 0, 0, 0, 138, 255, 255, 255, 255, 255, 255, 0, 0, 0, 0, 0, 0, 0, 255, 255, 255, 255, 255, 255, 255, 0, 0, 0, 0, 0, 0, 255, 255, 255, 255, 255, 255, 255, 0, 0, 0, 0, 0, 0, 255, 255, 255, 255, 255, 255, 255, 0, 0, 0, 0, 0, 0, 255, 255, 255, 255, 255, 255, 255, 0, 0, 0, 0, 0, 0, 0, 255, 255, 255, 255, 255, 255, 90, 0, 0, 0, 0, 0, 0, 255, 255, 255, 255, 255, 255, 255, 0, 0, 0, 0, 0, 0, 255, 255, 255, 255, 255, 255, 255, 0, 0, 0, 0, 0, 0, 255, 255, 255, 255, 255, 255, 255, 0, 0, 0, 0, 0, 0, 176, 255, 255, 255, 255, 255, 255, 0, 0, 0, 0, 0, 0, 0, 255, 255, 255, 255, 255, 255, 255, 0, 0, 0, 0, 0, 0, 255, 255, 255, 255, 255, 255, 255, 0, 0, 0, 0, 0, 0, 255, 255, 255, 255, 255, 255, 255, 0, 0, 0, 0, 0, 0, 255, 255, 255, 255, 255, 255, 255, 0, 0, 0, 0, 0, 0, 0, 255, 255, 255, 255, 255, 255, 125, 0, 0, 0, 0, 0, 0, 255, 255, 255, 255, 255, 255, 255, 0, 0, 0, 0, 0, 0, 255, 255, 255, 255, 255, 255, 255, 0, 0, 0, 0, 0, 0, 255, 255, 255, 255, 255, 255, 255, 0, 0, 0, 0, 0, 0, 170, 255, 255, 255, 255, 255, 255, 0, 0, 0, 0, 0, 0, 0, 255, 255, 255, 255, 255, 255, 255, 0, 0, 0, 0, 0, 0, 255, 255, 255, 255, 255, 255, 255, 0, 0, 0, 0, 0, 0, 255, 255, 255, 255, 255, 255, 255, 0, 0, 0, 0, 0, 0, 255, 255, 255, 255, 255, 255, 255, 0, 0, 0, 0, 0, 0, 0, 255, 255, 255, 255, 255, 255, 182, 0, 0, 0, 0, 0, 0, 255, 255, 255, 255, 255, 255, 255, 0, 0, 0, 0, 0, 0, 255, 255, 255, 255, 255, 255, 255, 0, 0, 0, 0, 0, 0, 255, 255, 255, 255, 255, 255, 255, 0, 0, 0, 0, 0, 0, 116, 255, 255, 255, 255, 255, 255, 15, 0, 0, 0, 0, 0, 0, 255, 255, 255, 255, 255, 255, 255, 0, 0, 0, 0, 0, 0, 255, 255, 255, 255, 255, 255, 255, 0, 0, 0, 0, 0, 0, 255, 255, 255, 255, 255, 255, 255, 0, 0, 0, 0, 0, 0, 255, 255, 255, 255, 255, 255, 255, 0, 0, 0, 0, 0, 0, 0, 255, 255, 255, 255, 255, 255, 235, 0, 0, 0, 0, 0, 0, 255, 255, 255, 255, 255, 255, 255, 0, 0, 0, 0, 0, 0, 255, 255, 255, 255, 255, 255, 255, 0, 0, 0, 0, 0, 0, 255, 255, 255, 255, 255, 255, 255, 0, 0, 0, 0, 0, 0, 54, 255, 255, 255, 255, 255, 255, 0, 0, 0, 0, 0, 0, 0, 255, 255, 255, 255, 255, 255, 255, 0, 0, 0, 0, 0, 0, 255, 255, 255, 255, 255, 255, 255, 0, 0, 0, 0, 0, 0, 255, 255, 255, 255, 255, 255, 255, 0, 0, 0, 0, 0, 0, 171, 255, 255, 255, 255, 255, 255, 0, 0, 0, 0, 0, 0, 0, 255, 255, 255, 255, 255, 255, 207, 0, 0, 0, 0, 0, 0, 255, 255, 255, 255, 255, 255, 255, 0, 0, 0, 0, 0, 0, 255, 255, 255, 255, 255, 255, 255, 0, 0, 0, 0, 0, 0, 255, 255, 255, 255, 255, 255, 255, 0, 0, 0, 0, 0, 0, 0, 255, 255, 255, 255, 255, 255, 0, 0, 0, 0, 0, 0, 0, 255, 255, 255, 255, 255, 255, 255, 0, 0, 0, 0, 0, 0, 255, 255, 255, 255, 255, 255, 255, 0, 0, 0, 0, 0, 0, 255, 255, 255, 255, 255, 255, 255, 0, 0, 0, 0, 0, 0, 175, 255, 255, 255, 255, 255, 255, 0, 0, 0, 0, 0, 0, 0, 255, 255, 255, 255, 255, 255, 213, 0, 0, 0, 0, 0, 0, 255, 255, 255, 255, 255, 255, 255, 0, 0, 0, 0, 0, 0, 255, 255, 255, 255, 255, 255, 255, 0, 0, 0, 0, 0, 0, 255, 255, 255, 255, 255, 255, 255, 0, 0, 0, 0, 0, 0, 0, 255, 255, 255, 255, 255, 255, 0, 0, 0, 0, 0, 0, 0, 255, 255, 255, 255, 255, 255, 255, 0, 0, 0, 0, 0, 0, 255, 255, 255, 255, 255, 255, 255, 0, 0, 0, 0, 0, 0, 255, 255, 255, 255, 255, 255, 255, 0, 0, 0, 0, 0, 0, 80, 255, 255, 255, 255, 255, 255, 0, 0, 0, 0, 0, 0, 0, 255, 255, 255, 255, 255, 255, 162, 0, 0, 0, 0, 0, 0, 255, 255, 255, 255, 255, 255, 255, 0, 0, 0, 0, 0, 0, 255, 255, 255, 255, 255, 255, 255, 0, 0, 0, 0, 0, 0, 225, 255, 255, 255, 255, 255, 255, 0, 0, 0, 0, 0, 0, 0, 255, 255, 255, 255, 255, 255, 0, 0, 0, 0, 0, 0, 0, 255, 255, 255, 255, 255, 255, 255, 0, 0, 0, 0, 0, 0, 255, 255, 255, 255, 255, 255, 255, 0, 0, 0, 0, 0, 0, 255, 255, 255, 255, 255, 255, 255, 0, 0, 0, 0, 0, 0, 0, 255, 255, 255, 255, 255, 255, 0, 0, 0, 0, 0, 0, 0, 255, 255, 255, 255, 255, 255, 151, 0, 0, 0, 0, 0, 0, 255, 255, 255, 255, 255, 255, 255, 0, 0, 0, 0, 0, 0, 255, 255, 255, 255, 255, 255, 255, 0, 0, 0, 0, 0, 0, 190, 255, 255, 255, 255, 255, 255, 0, 0, 0, 0, 0, 0, 0, 255, 255, 255, 255, 255, 255, 0, 0, 0, 0, 0, 0, 0, 255, 255, 255, 255, 255, 255, 255, 0, 0, 0, 0, 0, 0, 255, 255, 255, 255, 255, 255, 255, 0, 0, 0, 0, 0, 0, 255, 255, 255, 255, 255, 255, 255, 0, 0, 0, 0, 0, 0, 27, 255, 255, 255, 255, 255, 255, 0, 0, 0, 0, 0, 0, 0, 255, 255, 255, 255, 255, 255, 168, 0, 0, 0, 0, 0, 0, 255, 255, 255, 255, 255, 255, 255, 0, 0, 0, 0, 0, 0, 255, 255, 255, 255, 255, 255, 255, 0, 0, 0, 0, 0, 0, 156, 255, 255, 255, 255, 255, 255, 0, 0, 0, 0, 0, 0, 0, 255, 255, 255, 255, 255, 255, 9, 0, 0, 0, 0, 0, 0, 255, 255, 255, 255, 255, 255, 255, 0, 0, 0, 0, 0, 0, 255, 255, 255, 255, 255, 255, 255, 0, 0, 0, 0, 0, 0, 255, 255, 255, 255, 255, 255, 255, 0, 0, 0, 0, 0, 0, 0, 255, 255, 255, 255, 255, 255, 0, 0, 0, 0, 0, 0, 0, 255, 255, 255, 255, 255, 255, 197, 0, 0, 0, 0, 0, 0, 255, 255, 255, 255, 255, 255, 255, 0, 0, 0, 0, 0, 0, 255, 255, 255, 255, 255, 255, 255, 0, 0, 0, 0, 0, 0, 122, 255, 255, 255, 255, 255, 255, 0, 0, 0, 0, 0, 0, 0, 255, 255, 255, 255, 255, 255, 0, 0, 0, 0, 0, 0, 0, 255, 255, 255, 255, 255, 255, 255, 0, 0, 0, 0, 0, 0, 255, 255, 255, 255, 255, 255, 255, 0, 0, 0, 0, 0, 0, 252, 255, 255, 255, 255, 255, 255, 0, 0, 0, 0, 0, 0, 0, 255, 255, 255, 255, 255, 255, 0, 0, 0, 0, 0, 0, 0, 255, 255, 255, 255, 255, 255, 236, 0, 0, 0, 0, 0, 0, 255, 255, 255, 255, 255, 255, 255, 0, 0, 0, 0, 0, 0, 255, 255, 255, 255, 255, 255, 255, 0, 0, 0, 0, 0, 0, 22, 255, 255, 255, 255, 255, 255, 0, 0, 0, 0, 0, 0, 0, 255, 255, 255, 255, 255, 255, 31, 0, 0, 0, 0, 0, 0, 255, 255, 255, 255, 255, 255, 255, 0, 0, 0, 0, 0, 0, 255, 255, 255, 255, 255, 255, 255, 0, 0, 0, 0, 0, 0, 172, 255, 255, 255, 255, 255, 255, 0, 0, 0, 0, 0, 0, 0, 255, 255, 255, 255, 255, 255, 0, 0, 0, 0, 0, 0, 0, 255, 255, 255, 255, 255, 255, 196, 0, 0, 0, 0, 0, 0, 255, 255, 255, 255, 255, 255, 255, 0, 0, 0, 0, 0, 0, 255, 255, 255, 255, 255, 255, 255, 0, 0, 0, 0, 0, 0, 13, 255, 255, 255, 255, 255, 255, 0, 0, 0, 0, 0, 0, 0, 255, 255, 255, 255, 255, 255, 0, 0, 0, 0, 0, 0, 0, 255, 255, 255, 255, 255, 255, 255, 0, 0, 0, 0, 0, 0, 255, 255, 255, 255, 255, 255, 255, 0, 0, 0, 0, 0, 0, 149, 255, 255, 255, 255, 255, 255, 0, 0, 0, 0, 0, 0, 0, 255, 255, 255, 255, 255, 255, 0, 0, 0, 0, 0, 0, 0, 255, 255, 255, 255, 255, 255, 180, 0, 0, 0, 0, 0, 0, 255, 255, 255, 255, 255, 255, 255, 0, 0, 0, 0, 0, 0, 255, 255, 255, 255, 255, 255, 255, 0, 0, 0, 0, 0, 0, 0, 255, 255, 255, 255, 255, 255, 0, 0, 0, 0, 0, 0, 0, 255, 255, 255, 255, 255, 255, 0, 0, 0, 0, 0, 0, 0, 255, 255, 255, 255, 255, 255, 255, 0, 0, 0, 0, 0, 0, 255, 255, 255, 255, 255, 255, 255, 0, 0, 0, 0, 0, 0, 143, 255, 255, 255, 255, 255, 255, 0, 0, 0, 0, 0, 0, 0, 255, 255, 255, 255, 255, 255, 0, 0, 0, 0, 0, 0, 0, 255, 255, 255, 255, 255, 255, 192, 0, 0, 0, 0, 0, 0, 255, 255, 255, 255, 255, 255, 255, 0, 0, 0, 0, 0, 0, 255, 255, 255, 255, 255, 255, 255, 0, 0, 0, 0, 0, 0, 0, 255, 255, 255, 255, 255, 255, 0, 0, 0, 0, 0, 0, 0, 255, 255, 255, 255, 255, 255, 21, 0, 0, 0, 0, 0, 0, 255, 255, 255, 255, 255, 255, 255, 0, 0, 0, 0, 0, 0, 255, 255, 255, 255, 255, 255, 255, 0, 0, 0, 0, 0, 0, 47, 255, 255, 255, 255, 255, 255, 0, 0, 0, 0, 0, 0, 0, 255, 255, 255, 255, 255, 255, 0, 0, 0, 0, 0, 0, 0, 255, 255, 255, 255, 255, 255, 169, 0, 0, 0, 0, 0, 0, 255, 255, 255, 255, 255, 255, 255, 0, 0, 0, 0, 0, 0, 201, 255, 255, 255, 255, 255, 255, 0, 0, 0, 0, 0, 0, 0, 255, 255, 255, 255, 255, 255, 0, 0, 0, 0, 0, 0, 0, 255, 255, 255, 255, 255, 255, 0, 0, 0, 0, 0, 0, 0, 255, 255, 255, 255, 255, 255, 255, 0, 0, 0, 0, 0, 0, 255, 255, 255, 255, 255, 255, 255, 0, 0, 0, 0, 0, 0, 0, 255, 255, 255, 255, 255, 255, 0, 0, 0, 0, 0, 0, 0, 255, 255, 255, 255, 255, 255, 0, 0, 0, 0, 0, 0, 0, 255, 255, 255, 255, 255, 255, 157, 0, 0, 0, 0, 0, 0, 255, 255, 255, 255, 255, 255, 255, 0, 0, 0, 0, 0, 0, 138, 255, 255, 255, 255, 255, 255, 0, 0, 0, 0, 0, 0, 0, 255, 255, 255, 255, 255, 255, 0, 0, 0, 0, 0, 0, 0, 255, 255, 255, 255, 255, 255, 0, 0, 0, 0, 0, 0, 0, 255, 255, 255, 255, 255, 255, 255, 0, 0, 0, 0, 0, 0, 254, 255, 255, 255, 255, 255, 255, 0, 0, 0, 0, 0, 0, 0, 255, 255, 255, 255, 255, 255, 0, 0, 0, 0, 0, 0, 0, 255, 255, 255, 255, 255, 255, 0, 0, 0, 0, 0, 0, 0, 255, 255, 255, 255, 255, 255, 218, 0, 0, 0, 0, 0, 0, 255, 255, 255, 255, 255, 255, 255, 0, 0, 0, 0, 0, 0, 35, 255, 255, 255, 255, 255, 255, 0, 0, 0, 0, 0, 0, 0, 255, 255, 255, 255, 255, 255, 0, 0, 0, 0, 0, 0, 0, 255, 255, 255, 255, 255, 255, 14, 0, 0, 0, 0, 0, 0, 255, 255, 255, 255, 255, 255, 255, 0, 0, 0, 0, 0, 0, 202, 255, 255, 255, 255, 255, 255, 0, 0, 0, 0, 0, 0, 0, 255, 255, 255, 255, 255, 255, 0, 0, 0, 0, 0, 0, 0, 255, 255, 255, 255, 255, 255, 0, 0, 0, 0, 0, 0, 0, 255, 255, 255, 255, 255, 255, 221, 0, 0, 0, 0, 0, 0, 255, 255, 255, 255, 255, 255, 255, 0, 0, 0, 0, 0, 0, 0, 255, 255, 255, 255, 255, 255, 0, 0, 0, 0, 0, 0, 0, 255, 255, 255, 255, 255, 255, 0, 0, 0, 0, 0, 0, 0, 255, 255, 255, 255, 255, 255, 69, 0, 0, 0, 0, 0, 0, 255, 255, 255, 255, 255, 255, 255, 0, 0, 0, 0, 0, 0, 103, 255, 255, 255, 255, 255, 255, 0, 0, 0, 0, 0, 0, 0, 255, 255, 255, 255, 255, 255, 0, 0, 0, 0, 0, 0, 0, 255, 255, 255, 255, 255, 255, 0, 0, 0, 0, 0, 0, 0, 255, 255, 255, 255, 255, 255, 255, 0, 0, 0, 0, 0, 0, 255, 255, 255, 255, 255, 255, 255, 0, 0, 0, 0, 0, 0, 0, 255, 255, 255, 255, 255, 255, 0, 0, 0, 0, 0, 0, 0, 255, 255, 255, 255, 255, 255, 0, 0, 0, 0, 0, 0, 0, 255, 255, 255, 255, 255, 255, 156, 0, 0, 0, 0, 0, 0, 255, 255, 255, 255, 255, 255, 255, 0, 0, 0, 0, 0, 0, 112, 255, 255, 255, 255, 255, 255, 0, 0, 0, 0, 0, 0, 0, 255, 255, 255, 255, 255, 255, 0, 0, 0, 0, 0, 0, 0, 255, 255, 255, 255, 255, 255, 0, 0, 0, 0, 0, 0, 0, 255, 255, 255, 255, 255, 255, 255, 0, 0, 0, 0, 0, 0, 255, 255, 255, 255, 255, 255, 255, 0, 0, 0, 0, 0, 0, 0, 255, 255, 255, 255, 255, 255, 0, 0, 0, 0, 0, 0, 0, 255, 255, 255, 255, 255, 255, 0, 0, 0, 0, 0, 0, 0, 255, 255, 255, 255, 255, 255, 211, 0, 0, 0, 0, 0, 0, 255, 255, 255, 255, 255, 255, 255, 0, 0, 0, 0, 0, 0, 34, 255, 255, 255, 255, 255, 255, 0, 0, 0, 0, 0, 0, 0, 255, 255, 255, 255, 255, 255, 0, 0, 0, 0, 0, 0, 0, 255, 255, 255, 255, 255, 255, 18, 0, 0, 0, 0, 0, 0, 255, 255, 255, 255, 255, 255, 255, 0, 0, 0, 0, 0, 0, 203, 255, 255, 255, 255, 255, 255, 0, 0, 0, 0, 0, 0, 0, 255, 255, 255, 255, 255, 255, 0, 0, 0, 0, 0, 0, 0, 255, 255, 255, 255, 255, 255, 0, 0, 0, 0, 0, 0, 0, 255, 255, 255, 255, 255, 255, 227, 0, 0, 0, 0, 0, 0, 255, 255, 255, 255, 255, 255, 255, 0, 0, 0, 0, 0, 0, 27, 255, 255, 255, 255, 255, 255, 0, 0, 0, 0, 0, 0, 0, 255, 255, 255, 255, 255, 255, 0, 0, 0, 0, 0, 0, 0, 255, 255, 255, 255, 255, 255, 18, 0, 0, 0, 0, 0, 0, 255, 255, 255, 255, 255, 255, 255, 0, 0, 0, 0, 0, 0, 187, 255, 255, 255, 255, 255, 255, 0, 0, 0, 0, 0, 0, 0, 255, 255, 255, 255, 255, 255, 0, 0, 0, 0, 0, 0, 0, 255, 255, 255, 255, 255, 255, 0, 0, 0, 0, 0, 0, 0, 255, 255, 255, 255, 255, 255, 255, 0, 0, 0, 0, 0, 0, 255, 255, 255, 255, 255, 255, 255, 0, 0, 0, 0, 0, 0, 0, 255, 255, 255, 255, 255, 255, 0, 0, 0, 0, 0, 0, 0, 255, 255, 255, 255, 255, 255, 0, 0, 0, 0, 0, 0, 0, 255, 255, 255, 255, 255, 255, 62, 0, 0, 0, 0, 0, 0, 255, 255, 255, 255, 255, 255, 255, 0, 0, 0, 0, 0, 0, 141, 255, 255, 255, 255, 255, 255, 0, 0, 0, 0, 0, 0, 0, 255, 255, 255, 255, 255, 255, 0, 0, 0, 0, 0, 0, 0, 255, 255, 255, 255, 255, 255, 0, 0, 0, 0, 0, 0, 0, 255, 255, 255, 255, 255, 255, 255, 0, 0, 0, 0, 0, 0, 255, 255, 255, 255, 255, 255, 255, 0, 0, 0, 0, 0, 0, 0, 255, 255, 255, 255, 255, 255, 0, 0, 0, 0, 0, 0, 0, 255, 255, 255, 255, 255, 255, 0, 0, 0, 0, 0, 0, 0, 255, 255, 255, 255, 255, 255, 75, 0, 0, 0, 0, 0, 0, 255, 255, 255, 255, 255, 255, 255, 0, 0, 0, 0, 0, 0, 73, 255, 255, 255, 255, 255, 255, 0, 0, 0, 0, 0, 0, 0, 255, 255, 255, 255, 255, 255, 0, 0, 0, 0, 0, 0, 0, 255, 255, 255, 255, 255, 255, 0, 0, 0, 0, 0, 0, 0, 255, 255, 255, 255, 255, 255, 255, 0, 0, 0, 0, 0, 0, 222, 255, 255, 255, 255, 255, 255, 0, 0, 0, 0, 0, 0, 0, 255, 255, 255, 255, 255, 255, 0, 0, 0, 0, 0, 0, 0, 255, 255, 255, 255, 255, 255, 0, 0, 0, 0, 0, 0, 0, 255, 255, 255, 255, 255, 255, 100, 0, 0, 0, 0, 0, 0, 255, 255, 255, 255, 255, 255, 255, 0, 0, 0, 0, 0, 0, 7, 255, 255, 255, 255, 255, 255, 0, 0, 0, 0, 0, 0, 0, 255, 255, 255, 255, 255, 255, 0, 0, 0, 0, 0, 0, 0, 255, 255, 255, 255, 255, 255, 0, 0, 0, 0, 0, 0, 0, 255, 255, 255, 255, 255, 255, 255, 0, 0, 0, 0, 0, 0, 167, 255, 255, 255, 255, 255, 255, 0, 0, 0, 0, 0, 0, 0, 255, 255, 255, 255, 255, 255, 0, 0, 0, 0, 0, 0, 0, 255, 255, 255, 255, 255, 255, 0, 0, 0, 0, 0, 0, 0, 255, 255, 255, 255, 255, 255, 158, 0, 0, 0, 0, 0, 0, 255, 255, 255, 255, 255, 255, 255, 0, 0, 0, 0, 0, 0, 0, 255, 255, 255, 255, 255, 255, 0, 0, 0, 0, 0, 0, 0, 255, 255, 255, 255, 255, 255, 0, 0, 0, 0, 0, 0, 0, 255, 255, 255, 255, 255, 255, 0, 0, 0, 0, 0, 0, 0, 255, 255, 255, 255, 255, 255, 255, 0, 0, 0, 0, 0, 0, 93, 255, 255, 255, 255, 255, 255, 0, 0, 0, 0, 0, 0, 0, 255, 255, 255, 255, 255, 255, 0, 0, 0, 0, 0, 0, 0, 255, 255, 255, 255, 255, 255, 0, 0, 0, 0, 0, 0, 0, 255, 255, 255, 255, 255, 255, 174, 0, 0, 0, 0, 0, 0, 255, 255, 255, 255, 255, 255, 255, 0, 0, 0, 0, 0, 0, 0, 255, 255, 255, 255, 255, 255, 0, 0, 0, 0, 0, 0, 0, 255, 255, 255, 255, 255, 255, 0, 0, 0, 0, 0, 0, 0, 255, 255, 255, 255, 255, 255, 0, 0, 0, 0, 0, 0, 0, 255, 255, 255, 255, 255, 255, 255, 0, 0, 0, 0, 0, 0, 27, 255, 255, 255, 255, 255, 255, 0, 0, 0, 0, 0, 0, 0, 255, 255, 255, 255, 255, 255, 0, 0, 0, 0, 0, 0, 0, 255, 255, 255, 255, 255, 255, 0, 0, 0, 0, 0, 0, 0, 255, 255, 255, 255, 255, 255, 229, 0, 0, 0, 0, 0, 0, 213, 255, 255, 255, 255, 255, 255, 0, 0, 0, 0, 0, 0, 0, 255, 255, 255, 255, 255, 255, 0, 0, 0, 0, 0, 0, 0, 255, 255, 255, 255, 255, 255, 0, 0, 0, 0, 0, 0, 0, 255, 255, 255, 255, 255, 255, 53, 0, 0, 0, 0, 0, 0, 255, 255, 255, 255, 255, 255, 255, 0, 0, 0, 0, 0, 0, 45, 255, 255, 255, 255, 255, 255, 0, 0, 0, 0, 0, 0, 0, 255, 255, 255, 255, 255, 255, 0, 0, 0, 0, 0, 0, 0, 255, 255, 255, 255, 255, 255, 0, 0, 0, 0, 0, 0, 0, 255, 255, 255, 255, 255, 255, 255, 0, 0, 0, 0, 0, 0, 174, 255, 255, 255, 255, 255, 255, 0, 0, 0, 0, 0, 0, 0, 255, 255, 255, 255, 255, 255, 0, 0, 0, 0, 0, 0, 0, 255, 255, 255, 255, 255, 255, 0, 0, 0, 0, 0, 0, 0, 255, 255, 255, 255, 255, 255, 106, 0, 0, 0, 0, 0, 0, 255, 255, 255, 255, 255, 255, 255, 0, 0, 0, 0, 0, 0, 0, 255, 255, 255, 255, 255, 255, 0, 0, 0, 0, 0, 0, 0, 255, 255, 255, 255, 255, 255, 0, 0, 0, 0, 0, 0, 0, 255, 255, 255, 255, 255, 255, 0, 0, 0, 0, 0, 0, 0, 255, 255, 255, 255, 255, 255, 255, 0, 0, 0, 0, 0, 0, 154, 255, 255, 255, 255, 255, 255, 0, 0, 0, 0, 0, 0, 0, 255, 255, 255, 255, 255, 255, 0, 0, 0, 0, 0, 0, 0, 255, 255, 255, 255, 255, 255, 0, 0, 0, 0, 0, 0, 0, 255, 255, 255, 255, 255, 255, 146, 0, 0, 0, 0, 0, 0, 255, 255, 255, 255, 255, 255, 255, 0, 0, 0, 0, 0, 0, 0, 255, 255, 255, 255, 255, 255, 0, 0, 0, 0, 0, 0, 0, 255, 255, 255, 255, 255, 255, 0, 0, 0, 0, 0, 0, 0, 255, 255, 255, 255, 255, 255, 0, 0, 0, 0, 0, 0, 0, 255, 255, 255, 255, 255, 255, 255, 0, 0, 0, 0, 0, 0, 84, 255, 255, 255, 255, 255, 255, 0, 0, 0, 0, 0, 0, 0, 255, 255, 255, 255, 255, 255, 0, 0, 0, 0, 0, 0, 0, 255, 255, 255, 255, 255, 255, 0, 0, 0, 0, 0, 0, 0, 255, 255, 255, 255, 255, 255, 175, 0, 0, 0, 0, 0, 0, 243, 255, 255, 255, 255, 255, 255, 0, 0, 0, 0, 0, 0, 0, 255, 255, 255, 255, 255, 255, 0, 0, 0, 0, 0, 0, 0, 255, 255, 255, 255, 255, 255, 0, 0, 0, 0, 0, 0, 0, 255, 255, 255, 255, 255, 255, 0, 0, 0, 0, 0, 0, 0, 255, 255, 255, 255, 255, 255, 255, 0, 0, 0, 0, 0, 0, 9, 255, 255, 255, 255, 255, 255, 0, 0, 0, 0, 0, 0, 0, 255, 255, 255, 255, 255, 255, 0, 0, 0, 0, 0, 0, 0, 255, 255, 255, 255, 255, 255, 0, 0, 0, 0, 0, 0, 0, 255, 255, 255, 255, 255, 255, 172, 0, 0, 0, 0, 0, 0, 191, 255, 255, 255, 255, 255, 255, 0, 0, 0, 0, 0, 0, 0, 255, 255, 255, 255, 255, 255, 0, 0, 0, 0, 0, 0, 0, 255, 255, 255, 255, 255, 255, 0, 0, 0, 0, 0, 0, 0, 255, 255, 255, 255, 255, 255, 0, 0, 0, 0, 0, 0, 0, 255, 255, 255, 255, 255, 255, 255, 0, 0, 0, 0, 0, 0, 0, 255, 255, 255, 255, 255, 255, 0, 0, 0, 0, 0, 0, 0, 255, 255, 255, 255, 255, 255, 0, 0, 0, 0, 0, 0, 0, 255, 255, 255, 255, 255, 255, 0, 0, 0, 0, 0, 0, 0, 255, 255, 255, 255, 255, 255, 207, 0, 0, 0, 0, 0, 0, 75, 255, 255, 255, 255, 255, 255, 0, 0, 0, 0, 0, 0, 0, 255, 255, 255, 255, 255, 255, 0, 0, 0, 0, 0, 0, 0, 255, 255, 255, 255, 255, 255, 0, 0, 0, 0, 0, 0, 0, 255, 255, 255, 255, 255, 255, 0, 0, 0, 0, 0, 0, 0, 255, 255, 255, 255, 255, 255, 255, 0, 0, 0, 0, 0, 0, 0, 255, 255, 255, 255, 255, 255, 0, 0, 0, 0, 0, 0, 0, 255, 255, 255, 255, 255, 255, 0, 0, 0, 0, 0, 0, 0, 255, 255, 255, 255, 255, 255, 0, 0, 0, 0, 0, 0, 0, 255, 255, 255, 255, 255, 255, 242, 0, 0, 0, 0, 0, 0, 44, 255, 255, 255, 255, 255, 255, 0, 0, 0, 0, 0, 0, 0, 255, 255, 255, 255, 255, 255, 0, 0, 0, 0, 0, 0, 0, 255, 255, 255, 255, 255, 255, 0, 0, 0, 0, 0, 0, 0, 255, 255, 255, 255, 255, 255, 62, 0, 0, 0, 0, 0, 0, 234, 255, 255, 255, 255, 255, 255, 0, 0, 0, 0, 0, 0, 0, 255, 255, 255, 255, 255, 255, 0, 0, 0, 0, 0, 0, 0, 255, 255, 255, 255, 255, 255, 0, 0, 0, 0, 0, 0, 0, 255, 255, 255, 255, 255, 255, 0, 0, 0, 0, 0, 0, 0, 255, 255, 255, 255, 255, 255, 255, 0, 0, 0, 0, 0, 0, 60, 255, 255, 255, 255, 255, 255, 0, 0, 0, 0, 0, 0, 0, 255, 255, 255, 255, 255, 255, 0, 0, 0, 0, 0, 0, 0, 255, 255, 255, 255, 255, 255, 0, 0, 0, 0, 0, 0, 0, 255, 255, 255, 255, 255, 255, 114, 0, 0, 0, 0, 0, 0, 240, 255, 255, 255, 255, 255, 255, 0, 0, 0, 0, 0, 0, 0, 255, 255, 255, 255, 255, 255, 0, 0, 0, 0, 0, 0, 0, 255, 255, 255, 255, 255, 255, 0, 0, 0, 0, 0, 0, 0, 255, 255, 255, 255, 255, 255, 0, 0, 0, 0, 0, 0, 0, 255, 255, 255, 255, 255, 255, 255, 0, 0, 0, 0, 0, 0, 9, 255, 255, 255, 255, 255, 255, 0, 0, 0, 0, 0, 0, 0, 255, 255, 255, 255, 255, 255, 0, 0, 0, 0, 0, 0, 0, 255, 255, 255, 255, 255, 255, 0, 0, 0, 0, 0, 0, 0, 255, 255, 255, 255, 255, 255, 223, 0, 0, 0, 0, 0, 0, 201, 255, 255, 255, 255, 255, 255, 0, 0, 0, 0, 0, 0, 0, 255, 255, 255, 255, 255, 255, 0, 0, 0, 0, 0, 0, 0, 255, 255, 255, 255, 255, 255, 0, 0, 0, 0, 0, 0, 0, 255, 255, 255, 255, 255, 255, 60, 0, 0, 0, 0, 0, 0, 255, 255, 255, 255, 255, 255, 255, 0, 0, 0, 0, 0, 0, 21, 255, 255, 255, 255, 255, 255, 0, 0, 0, 0, 0, 0, 0, 255, 255, 255, 255, 255, 255, 0, 0, 0, 0, 0, 0, 0, 255, 255, 255, 255, 255, 255, 0, 0, 0, 0, 0, 0, 0, 255, 255, 255, 255, 255, 255, 255, 0, 0, 0, 0, 0, 0, 184, 255, 255, 255, 255, 255, 255, 0, 0, 0, 0, 0, 0, 0, 255, 255, 255, 255, 255, 255, 0, 0, 0, 0, 0, 0, 0, 255, 255, 255, 255, 255, 255, 0, 0, 0, 0, 0, 0, 0, 255, 255, 255, 255, 255, 255, 159, 0, 0, 0, 0, 0, 0, 255, 255, 255, 255, 255, 255, 255, 0, 0, 0, 0, 0, 0, 0, 255, 255, 255, 255, 255, 255, 0, 0, 0, 0, 0, 0, 0, 255, 255, 255, 255, 255, 255, 0, 0, 0, 0, 0, 0, 0, 255, 255, 255, 255, 255, 255, 14, 0, 0, 0, 0, 0, 0, 255, 255, 255, 255, 255, 255, 255, 0, 0, 0, 0, 0, 0, 155, 255, 255, 255, 255, 255, 255, 0, 0, 0, 0, 0, 0, 0, 255, 255, 255, 255, 255, 255, 0, 0, 0, 0, 0, 0, 0, 255, 255, 255, 255, 255, 255, 0, 0, 0, 0, 0, 0, 0, 255, 255, 255, 255, 255, 255, 223, 0, 0, 0, 0, 0, 0, 255, 255, 255, 255, 255, 255, 255, 0, 0, 0, 0, 0, 0, 0, 255, 255, 255, 255, 255, 255, 0, 0, 0, 0, 0, 0, 0, 255, 255, 255, 255, 255, 255, 0, 0, 0, 0, 0, 0, 0, 255, 255, 255, 255, 255, 255, 38, 0, 0, 0, 0, 0, 0, 255, 255, 255, 255, 255, 255, 255, 0, 0, 0, 0, 0, 0, 126, 255, 255, 255, 255, 255, 255, 0, 0, 0, 0, 0, 0, 0, 255, 255, 255, 255, 255, 255, 0, 0, 0, 0, 0, 0, 0, 255, 255, 255, 255, 255, 255, 0, 0, 0, 0, 0, 0, 0, 255, 255, 255, 255, 255, 255, 255, 0, 0, 0, 0, 0, 0, 255, 255, 255, 255, 255, 255, 255, 0, 0, 0, 0, 0, 0, 0, 255, 255, 255, 255, 255, 255, 0, 0, 0, 0, 0, 0, 0, 255, 255, 255, 255, 255, 255, 0, 0, 0, 0, 0, 0, 0, 255, 255, 255, 255, 255, 255, 151, 0, 0, 0, 0, 0, 0, 255, 255, 255, 255, 255, 255, 255, 0, 0, 0, 0, 0, 0, 105, 255, 255, 255, 255, 255, 255, 0, 0, 0, 0, 0, 0, 0, 255, 255, 255, 255, 255, 255, 0, 0, 0, 0, 0, 0, 0, 255, 255, 255, 255, 255, 255, 0, 0, 0, 0, 0, 0, 0, 255, 255, 255, 255, 255, 255, 255, 0, 0, 0, 0, 0, 0, 255, 255, 255, 255, 255, 255, 255, 0, 0, 0, 0, 0, 0, 0, 255, 255, 255, 255, 255, 255, 0, 0, 0, 0, 0, 0, 0, 255, 255, 255, 255, 255, 255, 0, 0, 0, 0, 0, 0, 0, 255, 255, 255, 255, 255, 255, 154, 0, 0, 0, 0, 0, 0, 255, 255, 255, 255, 255, 255, 255, 0, 0, 0, 0, 0, 0, 26, 255, 255, 255, 255, 255, 255, 0, 0, 0, 0, 0, 0, 0, 255, 255, 255, 255, 255, 255, 0, 0, 0, 0, 0, 0, 0, 255, 255, 255, 255, 255, 255, 0, 0, 0, 0, 0, 0, 0, 255, 255, 255, 255, 255, 255, 255, 0, 0, 0, 0, 0, 0, 202, 255, 255, 255, 255, 255, 255, 0, 0, 0, 0, 0, 0, 0, 255, 255, 255, 255, 255, 255, 0, 0, 0, 0, 0, 0, 0, 255, 255, 255, 255, 255, 255, 0, 0, 0, 0, 0, 0, 0, 255, 255, 255, 255, 255, 255, 189, 0, 0, 0, 0, 0, 0, 255, 255, 255, 255, 255, 255, 255, 0, 0, 0, 0, 0, 0, 0, 255, 255, 255, 255, 255, 255, 0, 0, 0, 0, 0, 0, 0, 255, 255, 255, 255, 255, 255, 0, 0, 0, 0, 0, 0, 0, 255, 255, 255, 255, 255, 255, 14, 0, 0, 0, 0, 0, 0, 255, 255, 255, 255, 255, 255, 255, 0, 0, 0, 0, 0, 0, 177, 255, 255, 255, 255, 255, 255, 0, 0, 0, 0, 0, 0, 0, 255, 255, 255, 255, 255, 255, 0, 0, 0, 0, 0, 0, 0, 255, 255, 255, 255, 255, 255, 0, 0, 0, 0, 0, 0, 0, 255, 255, 255, 255, 255, 255, 255, 0, 0, 0, 0, 0, 0, 255, 255, 255, 255, 255, 255, 255, 0, 0, 0, 0, 0, 0, 0, 255, 255, 255, 255, 255, 255, 0, 0, 0, 0, 0, 0, 0, 255, 255, 255, 255, 255, 255, 0, 0, 0, 0, 0, 0, 0, 255, 255, 255, 255, 255, 255, 101, 0, 0, 0, 0, 0, 0, 255, 255, 255, 255, 255, 255, 255, 0, 0, 0, 0, 0, 0, 182, 255, 255, 255, 255, 255, 255, 0, 0, 0, 0, 0, 0, 0, 255, 255, 255, 255, 255, 255, 0, 0, 0, 0, 0, 0, 0, 255, 255, 255, 255, 255, 255, 0, 0, 0, 0, 0, 0, 0, 255, 255, 255, 255, 255, 255, 255, 0, 0, 0, 0, 0, 0, 255, 255, 255, 255, 255, 255, 255, 0, 0, 0, 0, 0, 0, 0, 255, 255, 255, 255, 255, 255, 0, 0, 0, 0, 0, 0, 0, 255, 255, 255, 255, 255, 255, 0, 0, 0, 0, 0, 0, 0, 255, 255, 255, 255, 255, 255, 142, 0, 0, 0, 0, 0, 0, 255, 255, 255, 255, 255, 255, 255, 0, 0, 0, 0, 0, 0, 122, 255, 255, 255, 255, 255, 255, 0, 0, 0, 0, 0, 0, 0, 255, 255, 255, 255, 255, 255, 0, 0, 0, 0, 0, 0, 0, 255, 255, 255, 255, 255, 255, 0, 0, 0, 0, 0, 0, 0, 255, 255, 255, 255, 255, 255, 255, 0, 0, 0, 0, 0, 0, 255, 255, 255, 255, 255, 255, 255, 0, 0, 0, 0, 0, 0, 0, 255, 255, 255, 255, 255, 255, 0, 0, 0, 0, 0, 0, 0, 255, 255, 255, 255, 255, 255, 0, 0, 0, 0, 0, 0, 0, 255, 255, 255, 255, 255, 255, 192, 0, 0, 0, 0, 0, 0, 255, 255, 255, 255, 255, 255, 255, 0, 0, 0, 0, 0, 0, 85, 255, 255, 255, 255, 255, 255, 0, 0, 0, 0, 0, 0, 0, 255, 255, 255, 255, 255, 255, 0, 0, 0, 0, 0, 0, 0, 255, 255, 255, 255, 255, 255, 0, 0, 0, 0, 0, 0, 0, 255, 255, 255, 255, 255, 255, 255, 0, 0, 0, 0, 0, 0, 236, 255, 255, 255, 255, 255, 255, 0, 0, 0, 0, 0, 0, 0, 255, 255, 255, 255, 255, 255, 0, 0, 0, 0, 0, 0, 0, 255, 255, 255, 255, 255, 255, 0, 0, 0, 0, 0, 0, 0, 255, 255, 255, 255, 255, 255, 192, 0, 0, 0, 0, 0, 0, 255, 255, 255, 255, 255, 255, 255, 0, 0, 0, 0, 0, 0, 0, 255, 255, 255, 255, 255, 255, 0, 0, 0, 0, 0, 0, 0, 255, 255, 255, 255, 255, 255, 0, 0, 0, 0, 0, 0, 0, 255, 255, 255, 255, 255, 255, 0, 0, 0, 0, 0, 0, 0, 255, 255, 255, 255, 255, 255, 255, 0, 0, 0, 0, 0, 0, 131, 255, 255, 255, 255, 255, 255, 0, 0, 0, 0, 0, 0, 0, 255, 255, 255, 255, 255, 255, 0, 0, 0, 0, 0, 0, 0, 255, 255, 255, 255, 255, 255, 0, 0, 0, 0, 0, 0, 0, 255, 255, 255, 255, 255, 255, 178, 0, 0, 0, 0, 0, 0, 255, 255, 255, 255, 255, 255, 255, 0, 0, 0, 0, 0, 0, 0, 255, 255, 255, 255, 255, 255, 0, 0, 0, 0, 0, 0, 0, 255, 255, 255, 255, 255, 255, 0, 0, 0, 0, 0, 0, 0, 255, 255, 255, 255, 255, 255, 0, 0, 0, 0, 0, 0, 0, 255, 255, 255, 255, 255, 255, 255, 0, 0, 0, 0, 0, 0, 71, 255, 255, 255, 255, 255, 255, 0, 0, 0, 0, 0, 0, 0, 255, 255, 255, 255, 255, 255, 0, 0, 0, 0, 0, 0, 0, 255, 255, 255, 255, 255, 255, 0, 0, 0, 0, 0, 0, 0, 255, 255, 255, 255, 255, 255, 196, 0, 0, 0, 0, 0, 0, 229, 255, 255, 255, 255, 255, 255, 0, 0, 0, 0, 0, 0, 0, 255, 255, 255, 255, 255, 255, 0, 0, 0, 0, 0, 0, 0, 255, 255, 255, 255, 255, 255, 0, 0, 0, 0, 0, 0, 0, 255, 255, 255, 255, 255, 255, 34, 0, 0, 0, 0, 0, 0, 255, 255, 255, 255, 255, 255, 255, 0, 0, 0, 0, 0, 0, 50, 255, 255, 255, 255, 255, 255, 0, 0, 0, 0, 0, 0, 0, 255, 255, 255, 255, 255, 255, 0, 0, 0, 0, 0, 0, 0, 255, 255, 255, 255, 255, 255, 0, 0, 0, 0, 0, 0, 0, 255, 255, 255, 255, 255, 255, 250, 0, 0, 0, 0, 0, 0, 225, 255, 255, 255, 255, 255, 255, 0, 0, 0, 0, 0, 0, 0, 255, 255, 255, 255, 255, 255, 0, 0, 0, 0, 0, 0, 0, 255, 255, 255, 255, 255, 255, 0, 0, 0, 0, 0, 0, 0, 255, 255, 255, 255, 255, 255, 85, 0, 0, 0, 0, 0, 0, 255, 255, 255, 255, 255, 255, 255, 0, 0, 0, 0, 0, 0, 21, 255, 255, 255, 255, 255, 255, 0, 0, 0, 0, 0, 0, 0, 255, 255, 255, 255, 255, 255, 0, 0, 0, 0, 0, 0, 0, 255, 255, 255, 255, 255, 255, 0, 0, 0, 0, 0, 0, 0, 255, 255, 255, 255, 255, 255, 255, 0, 0, 0, 0, 0, 0, 224, 255, 255, 255, 255, 255, 255, 0, 0, 0, 0, 0, 0, 0, 255, 255, 255, 255, 255, 255, 0, 0, 0, 0, 0, 0, 0, 255, 255, 255, 255, 255, 255, 0, 0, 0, 0, 0, 0, 0, 255, 255, 255, 255, 255, 255, 160, 0, 0, 0, 0, 0, 0, 255, 255, 255, 255, 255, 255, 255, 0, 0, 0, 0, 0, 0, 68, 255, 255, 255, 255, 255, 255, 0, 0, 0, 0, 0, 0, 0, 255, 255, 255, 255, 255, 255, 0, 0, 0, 0, 0, 0, 0, 255, 255, 255, 255, 255, 255, 0, 0, 0, 0, 0, 0, 0, 255, 255, 255, 255, 255, 255, 255, 0, 0, 0, 0, 0, 0, 255, 255, 255, 255, 255, 255, 255, 0, 0, 0, 0, 0, 0, 0, 255, 255, 255, 255, 255, 255, 0, 0, 0, 0, 0, 0, 0, 255, 255, 255, 255, 255, 255, 0, 0, 0, 0, 0, 0, 0, 255, 255, 255, 255, 255, 255, 233, 0, 0, 0, 0, 0, 0, 255, 255, 255, 255, 255, 255, 255, 0, 0, 0, 0, 0, 0, 82, 255, 255, 255, 255, 255, 255, 0, 0, 0, 0, 0, 0, 0, 255, 255, 255, 255, 255, 255, 0, 0, 0, 0, 0, 0, 0, 255, 255, 255, 255, 255, 255, 99, 0, 0, 0, 0, 0, 0, 255, 255, 255, 255, 255, 255, 255, 0, 0, 0, 0, 0, 0, 255, 255, 255, 255, 255, 255, 255, 0, 0, 0, 0, 0, 0, 0, 255, 255, 255, 255, 255, 255, 0, 0, 0, 0, 0, 0, 0, 255, 255, 255, 255, 255, 255, 0, 0, 0, 0, 0, 0, 0, 255, 255, 255, 255, 255, 255, 255, 0, 0, 0, 0, 0, 0, 255, 255, 255, 255, 255, 255, 255, 0, 0, 0, 0, 0, 0, 110, 255, 255, 255, 255, 255, 255, 0, 0, 0, 0, 0, 0, 0, 255, 255, 255, 255, 255, 255, 0, 0, 0, 0, 0, 0, 0, 255, 255, 255, 255, 255, 255, 146, 0, 0, 0, 0, 0, 0, 255, 255, 255, 255, 255, 255, 255, 0, 0, 0, 0, 0, 0, 255, 255, 255, 255, 255, 255, 255, 0, 0, 0, 0, 0, 0, 0, 255, 255, 255, 255, 255, 255, 0, 0, 0, 0, 0, 0, 0, 255, 255, 255, 255, 255, 255, 2, 0, 0, 0, 0, 0, 0, 255, 255, 255, 255, 255, 255, 255, 0, 0, 0, 0, 0, 0, 255, 255, 255, 255, 255, 255, 255, 0, 0, 0, 0, 0, 0, 131, 255, 255, 255, 255, 255, 255, 0, 0, 0, 0, 0, 0, 0, 255, 255, 255, 255, 255, 255, 0, 0, 0, 0, 0, 0, 0, 255, 255, 255, 255, 255, 255, 237, 0, 0, 0, 0, 0, 0, 255, 255, 255, 255, 255, 255, 255, 0, 0, 0, 0, 0, 0, 255, 255, 255, 255, 255, 255, 255, 0, 0, 0, 0, 0, 0, 0, 255, 255, 255, 255, 255, 255, 0, 0, 0, 0, 0, 0, 0, 255, 255, 255, 255, 255, 255, 37, 0, 0, 0, 0, 0, 0, 255, 255, 255, 255, 255, 255, 255, 0, 0, 0, 0, 0, 0, 255, 255, 255, 255, 255, 255, 255, 0, 0, 0, 0, 0, 0, 101, 255, 255, 255, 255, 255, 255, 0, 0, 0, 0, 0, 0, 0, 255, 255, 255, 255, 255, 255, 0, 0, 0, 0, 0, 0, 0, 255, 255, 255, 255, 255, 255, 255, 0, 0, 0, 0, 0, 0, 255, 255, 255, 255, 255, 255, 255, 0, 0, 0, 0, 0, 0, 255, 255, 255, 255, 255, 255, 255, 0, 0, 0, 0, 0, 0, 0, 255, 255, 255, 255, 255, 255, 0, 0, 0, 0, 0, 0, 0, 255, 255, 255, 255, 255, 255, 83, 0, 0, 0, 0, 0, 0, 255, 255, 255, 255, 255, 255, 255, 0, 0, 0, 0, 0, 0, 255, 255, 255, 255, 255, 255, 255, 0, 0, 0, 0, 0, 0, 48, 255, 255, 255, 255, 255, 255, 0, 0, 0, 0, 0, 0, 0, 255, 255, 255, 255, 255, 255, 0, 0, 0, 0, 0, 0, 0, 255, 255, 255, 255, 255, 255, 255, 0, 0, 0, 0, 0, 0, 255, 255, 255, 255, 255, 255, 255, 0, 0, 0, 0, 0, 0, 216, 255, 255, 255, 255, 255, 255, 0, 0, 0, 0, 0, 0, 0, 255, 255, 255, 255, 255, 255, 0, 0, 0, 0, 0, 0, 0, 255, 255, 255, 255, 255, 255, 60, 0, 0, 0, 0, 0, 0, 255, 255, 255, 255, 255, 255, 255, 0, 0, 0, 0, 0, 0, 255, 255, 255, 255, 255, 255, 255, 0, 0, 0, 0, 0, 0, 0, 255, 255, 255, 255, 255, 255, 0, 0, 0, 0, 0, 0, 0, 255, 255, 255, 255, 255, 255, 0, 0, 0, 0, 0, 0, 0, 255, 255, 255, 255, 255, 255, 255, 0, 0, 0, 0, 0, 0, 255, 255, 255, 255, 255, 255, 255, 0, 0, 0, 0, 0, 0, 175, 255, 255, 255, 255, 255, 255, 0, 0, 0, 0, 0, 0, 0, 255, 255, 255, 255, 255, 255, 0, 0, 0, 0, 0, 0, 0, 255, 255, 255, 255, 255, 255, 129, 0, 0, 0, 0, 0, 0, 255, 255, 255, 255, 255, 255, 255, 0, 0, 0, 0, 0, 0, 255, 255, 255, 255, 255, 255, 255, 0, 0, 0, 0, 0, 0, 0, 255, 255, 255, 255, 255, 255, 0, 0, 0, 0, 0, 0, 0, 255, 255, 255, 255, 255, 255, 0, 0, 0, 0, 0, 0, 0, 255, 255, 255, 255, 255, 255, 255, 0, 0, 0, 0, 0, 0, 255, 255, 255, 255, 255, 255, 255, 0, 0, 0
};


/* Example code for HC-SR04 ultrasonic distance sensor with Arduino. No library required. More info: https://www.makerguides.com */

// Define Trig and Echo pin:
#define trigPin 2
#define echoPin 3

// Define variables:
long duration;
int distance;

void setup() {
  // Define inputs and outputs:
  pinMode(trigPin, OUTPUT);
  pinMode(echoPin, INPUT);

  //Begin Serial communication at a baudrate of 9600:
  Serial.begin(9600);
  pixels.begin(); // INITIALIZE NeoPixel strip object (REQUIRED)
  pixels.setBrightness(100); // set pixel brightness
}

// fucntion that plays light and sound upon detection of proximity
void visuals() {
  //
  if (distance > 100) {
    value1 = 0;
    value2 = 0;
    value3 = 0;
    startPlayback(sample, sizeof(sample));
  }
  else if (distance <= 10) {
    value1 = 200; value2 = 10; value3 = 0;
  }

  else {
    value1 = 0;
    value2 = 0;
    value3 = 0;
  }
  //
  //
  pixels.setPixelColor(0, pixels.Color(value1, value2, value3));
  pixels.setPixelColor(1, pixels.Color(value1, value2, value3));
  pixels.setPixelColor(2, pixels.Color(value1, value2, value3));
  pixels.setPixelColor(3, pixels.Color(value1, value2, value3));
  pixels.setPixelColor(4, pixels.Color(value1, value2, value3));
  pixels.setPixelColor(5, pixels.Color(value1, value2, value3));
  pixels.setPixelColor(6, pixels.Color(value1, value2, value3));
  pixels.setPixelColor(7, pixels.Color(value1, value2, value3));
  pixels.setPixelColor(8, pixels.Color(value1, value2, value3));
  pixels.setPixelColor(9, pixels.Color(value1, value2, value3));
  pixels.setPixelColor(10, pixels.Color(value1, value2, value3));
  pixels.setPixelColor(10, pixels.Color(value1, value2, value3));
  pixels.setPixelColor(11, pixels.Color(value1, value2, value3));

  pixels.setBrightness(100); // set brightness to match the users breath
  pixels.show();   // Send the updated pixel colors to the hardware.
  //
}

void loop() {
  // Clear the trigPin by setting it LOW:
  digitalWrite(trigPin, LOW);
  delayMicroseconds(5);

  // Trigger the sensor by setting the trigPin high for 10 microseconds:
  digitalWrite(trigPin, HIGH);
  delayMicroseconds(10);
  digitalWrite(trigPin, LOW);

  // Read the echoPin, pulseIn() returns the duration (length of the pulse) in microseconds:
  duration = pulseIn(echoPin, HIGH);
  // Calculate the distance:
  distance = duration * 0.034 / 2;



  // Print the distance on the Serial Monitor (Ctrl+Shift+M):
  Serial.print("Distance = ");
  Serial.print(distance);
  Serial.println(" cm");



  visuals();

  delay(30);


}





